2 33
65 86 5 29 82 76 72 29 94 4 11 1 47 24 85 22 27 1 24 78 69 95 76 44 56 80 52 57 81 84 29 98 22 
35 28 5 11 52 34 57 8 97 10 8 74 95 82 1 48 6 32 17 54 60 13 62 40 65 19 21 2 49 72 24 84 0 

33 21
29 47 4 15 56 12 13 66 20 87 13 55 40 62 61 24 31 15 84 45 78 
24 62 49 98 16 50 70 93 86 22 74 33 26 90 41 90 55 7 63 42 73 
18 82 87 31 7 18 47 43 15 77 68 30 78 18 98 29 88 91 67 10 66 
1 88 8 94 78 63 2 93 5 27 11 39 14 43 98 32 42 94 0 71 62 
82 1 80 80 30 20 24 98 30 90 51 18 50 45 48 65 99 42 22 26 5 
61 40 0 12 25 94 6 77 17 20 59 19 52 39 49 72 63 99 54 5 2 
72 7 0 72 72 51 66 94 78 24 8 70 24 72 47 71 78 24 88 50 35 
7 2 27 9 74 90 60 28 48 15 52 7 15 76 80 66 43 26 96 67 34 
19 43 6 18 66 36 43 7 86 30 66 40 57 27 14 48 88 94 48 55 98 
55 70 75 87 88 70 14 37 89 0 56 84 59 74 51 47 69 58 34 0 76 
74 57 4 41 57 44 87 57 99 86 65 21 61 52 9 31 18 46 20 71 54 
4 30 81 7 77 50 17 63 2 94 90 60 98 83 69 42 70 27 93 56 92 
14 69 96 23 52 15 22 24 38 76 81 68 57 88 97 60 58 13 62 52 3 
22 2 86 44 44 56 71 37 65 15 51 86 11 26 39 78 48 15 16 77 96 
36 34 37 34 94 95 99 9 99 2 31 1 40 27 97 48 98 86 13 13 89 
52 25 15 91 55 64 58 72 41 55 8 27 44 94 74 39 93 83 38 47 66 
91 87 94 88 36 44 74 1 58 63 53 35 78 96 90 94 55 14 87 62 75 
67 6 21 41 97 15 76 87 14 42 78 2 88 66 90 33 92 43 43 55 49 
78 85 45 20 32 52 87 71 66 62 90 72 83 83 21 50 59 8 65 54 86 
19 94 4 9 27 96 4 22 3 53 0 41 51 73 25 3 60 48 22 22 39 
46 57 22 68 8 34 76 73 40 15 44 34 19 53 14 68 57 36 23 63 89 
64 14 62 41 69 74 90 91 48 81 38 5 55 6 65 89 34 90 81 49 34 
16 21 39 30 89 49 18 12 12 7 29 26 21 70 95 47 12 39 95 93 77 
53 1 35 70 90 69 61 72 71 95 40 92 87 22 81 36 40 45 48 0 74 
74 21 97 21 21 61 60 16 7 89 21 8 24 44 50 46 5 74 17 52 14 
9 91 88 42 27 29 87 75 81 14 1 2 63 75 23 76 35 92 83 77 65 
43 1 9 94 99 66 68 16 71 35 77 62 75 71 90 4 59 17 85 25 71 
40 40 46 15 16 33 59 0 10 77 43 64 86 89 63 5 10 32 28 97 61 
90 72 33 32 29 44 2 14 69 73 6 9 71 74 25 56 33 77 67 10 73 
83 49 62 98 6 72 82 34 69 44 76 94 29 61 23 73 63 89 94 88 96 
55 59 22 32 15 7 10 34 70 83 69 71 97 68 77 22 2 63 43 98 91 
37 27 52 60 52 67 50 46 55 98 1 66 20 86 34 27 96 68 97 31 90 
68 80 58 97 2 12 60 46 11 4 35 38 56 96 91 24 98 89 31 96 43 
