314 17
43 69 37 3 16 78 34 37 2 92 72 35 99 29 72 1 46 
47 52 62 52 12 98 67 79 31 37 2 44 53 94 39 74 31 
42 42 62 77 79 64 69 3 51 20 84 24 22 83 23 26 45 
27 38 43 94 18 74 31 20 70 36 14 61 62 98 4 56 60 
33 35 24 54 91 27 27 75 3 49 58 26 27 55 53 18 51 
0 88 77 83 60 48 72 26 9 34 24 65 91 84 50 78 60 
57 21 40 84 97 43 85 7 70 12 63 75 82 66 27 70 43 
11 30 43 83 57 53 69 33 70 12 70 73 43 30 30 64 70 
14 13 14 51 21 36 15 36 63 98 2 91 68 45 54 51 89 
89 8 94 10 93 16 23 63 89 18 46 71 82 68 37 48 34 
88 69 70 4 57 86 2 59 29 22 56 83 73 97 72 33 43 
82 27 60 57 42 1 75 88 25 10 57 62 58 91 3 79 14 
7 36 52 61 47 81 35 55 16 61 53 40 46 96 74 25 8 
32 68 62 59 56 87 21 65 1 79 9 4 10 75 63 46 27 
76 45 60 64 1 76 25 6 68 71 2 42 97 63 26 65 77 
86 73 16 7 91 17 39 0 74 49 27 37 48 6 66 93 66 
30 94 94 55 0 62 78 55 4 75 70 31 92 99 69 18 15 
28 9 32 19 61 6 69 40 96 69 46 62 62 64 92 9 58 
99 61 20 77 68 76 5 38 59 97 37 80 67 4 9 28 37 
28 89 95 49 81 43 18 27 5 33 91 49 42 1 48 3 73 
78 24 50 83 14 61 32 4 42 0 8 3 28 97 31 70 93 
33 51 36 3 31 94 36 22 95 78 24 44 34 49 74 10 99 
57 24 13 89 28 55 89 37 10 70 86 93 40 79 26 43 68 
30 74 14 66 97 9 97 73 5 83 22 79 93 74 88 69 39 
78 98 94 19 87 4 41 73 97 81 5 76 25 25 6 99 91 
24 48 0 73 73 6 56 48 37 1 22 26 71 61 56 21 7 
27 8 63 69 33 12 50 90 40 27 15 98 79 6 23 27 59 
48 53 17 57 1 54 58 75 32 81 88 40 2 95 68 62 10 
37 96 74 39 38 15 67 54 13 98 12 88 25 23 37 78 40 
94 79 47 4 6 31 86 94 72 40 89 40 3 51 29 51 26 
68 89 93 87 95 6 85 60 95 63 83 84 93 76 30 25 75 
34 31 6 72 26 78 13 67 70 68 19 99 71 97 20 60 90 
59 8 96 97 68 43 60 3 27 5 31 57 30 6 44 62 13 
16 88 43 81 55 66 1 26 17 72 23 89 85 13 49 93 62 
98 13 57 58 68 37 63 0 46 46 6 90 8 71 59 48 67 
92 3 85 94 82 2 66 5 92 51 71 93 96 33 91 9 90 
1 78 27 16 78 74 62 36 16 70 60 27 70 27 20 74 12 
66 8 66 84 13 10 88 36 3 84 69 46 94 12 47 24 91 
16 54 17 78 42 86 1 2 13 71 81 85 97 45 51 5 12 
36 71 22 24 7 78 8 29 24 54 93 24 30 36 40 84 6 
70 79 92 71 81 57 95 15 43 92 60 46 50 24 82 21 99 
6 28 77 67 9 53 73 2 77 4 91 69 40 97 40 19 41 
11 53 50 6 68 93 51 80 92 1 5 74 74 4 33 54 33 
52 64 86 25 18 16 81 9 37 74 58 77 45 99 41 98 50 
99 18 95 2 99 87 3 56 14 77 60 47 84 45 51 48 31 
76 18 99 10 80 37 36 38 66 81 90 7 32 40 59 50 87 
61 1 27 17 9 41 46 69 40 30 66 91 30 50 19 49 49 
29 29 38 65 67 5 99 57 64 31 49 23 33 89 37 87 68 
54 96 9 0 18 1 31 84 44 61 34 63 62 36 45 91 74 
62 11 31 61 20 96 44 22 71 30 63 60 17 31 14 65 92 
15 83 45 98 20 89 11 6 52 74 42 49 17 69 12 80 0 
25 53 48 22 75 72 52 90 32 21 21 47 38 65 14 22 10 
64 94 99 75 0 3 1 43 53 71 64 17 3 64 42 56 65 
16 83 37 68 73 21 41 46 68 80 63 34 54 73 98 48 24 
26 0 80 79 95 33 50 59 50 6 76 44 62 41 61 46 30 
81 71 51 75 70 72 55 33 6 61 59 57 61 83 35 61 63 
14 9 48 17 68 50 23 96 47 37 89 8 83 19 41 7 71 
16 77 95 23 10 53 84 69 10 45 5 97 59 20 64 20 21 
33 40 71 56 37 18 45 26 78 81 98 72 88 69 88 65 16 
64 27 69 0 49 32 98 6 29 57 26 45 77 47 78 17 71 
86 6 89 32 33 20 13 31 92 1 52 32 18 20 96 45 89 
49 46 21 47 52 3 56 31 48 85 30 79 2 1 65 61 43 
97 46 15 10 29 7 63 81 91 81 1 40 79 42 89 25 16 
36 30 71 92 61 71 77 43 50 31 97 16 92 40 65 90 55 
28 19 14 43 52 5 77 5 97 56 48 86 33 16 22 15 87 
66 28 10 43 72 61 27 69 29 71 61 46 62 68 74 81 82 
70 34 39 47 39 37 55 39 75 88 55 50 56 94 16 84 5 
12 8 66 39 77 47 10 38 93 24 58 20 6 92 90 92 84 
37 83 21 92 75 48 32 30 98 88 77 15 25 82 27 33 0 
18 63 99 80 53 92 5 12 64 63 4 54 55 88 43 90 61 
87 65 10 20 48 60 60 25 75 37 59 54 71 59 72 86 58 
53 39 2 58 51 67 73 8 73 80 96 17 70 10 4 88 72 
76 36 32 89 61 8 26 72 14 49 31 87 35 41 92 75 43 
2 78 10 75 86 36 55 35 53 25 97 9 13 69 86 1 53 
75 14 13 1 86 28 51 17 67 38 58 59 13 54 61 44 16 
36 82 52 91 69 5 68 66 67 34 87 53 35 41 80 50 54 
33 36 82 36 6 1 75 16 60 40 70 21 36 39 9 19 91 
0 88 49 69 7 16 55 94 21 90 87 53 92 94 86 81 28 
75 39 30 2 55 90 42 78 64 79 17 73 50 8 74 90 57 
95 97 25 50 44 46 92 83 99 85 77 38 18 6 13 57 36 
15 12 78 9 42 42 40 11 16 90 72 42 33 29 37 30 7 
39 26 53 83 62 5 68 39 43 38 97 8 95 33 23 60 64 
84 2 6 25 14 22 67 86 64 0 67 53 83 26 92 61 32 
76 23 37 96 63 32 87 12 92 82 46 15 42 62 51 97 68 
76 63 91 44 1 7 96 20 61 79 47 5 41 79 33 16 68 
82 79 52 69 92 44 51 90 11 46 52 62 43 72 91 58 15 
87 59 23 83 79 36 15 78 41 56 57 27 72 77 61 4 29 
30 48 73 33 90 84 31 94 99 26 66 90 84 82 77 43 57 
60 75 93 75 53 86 83 63 65 8 40 26 64 70 8 64 43 
94 54 80 25 0 79 52 18 21 88 52 98 84 9 10 59 54 
38 12 93 21 27 58 81 68 37 45 38 45 9 33 39 15 65 
17 67 96 69 86 17 9 38 67 93 0 78 52 54 68 17 47 
89 44 58 23 12 95 20 2 40 82 36 32 97 53 49 17 50 
70 3 67 79 93 35 73 93 65 77 48 33 46 47 74 91 57 
97 55 52 70 58 45 52 46 29 1 99 78 18 49 0 21 69 
31 67 56 56 60 21 34 60 6 80 8 80 23 17 30 79 70 
0 89 67 4 35 96 5 86 26 76 88 78 49 57 9 16 13 
66 77 86 52 37 92 84 97 72 8 15 54 39 37 6 28 4 
10 15 52 68 53 78 44 41 8 93 98 17 62 63 35 39 49 
87 28 41 24 78 66 32 93 72 23 82 79 51 86 41 18 90 
61 71 20 5 13 28 51 63 45 13 79 33 4 28 72 32 22 
96 62 40 80 55 12 3 37 43 6 75 37 24 17 98 48 37 
56 13 65 59 76 63 24 55 96 80 36 20 64 58 17 27 50 
97 82 14 1 72 10 59 99 47 84 69 97 32 6 5 45 24 
64 73 87 40 81 35 20 17 55 85 27 72 12 77 22 46 91 
75 70 53 34 22 0 70 91 50 54 97 55 51 21 72 25 60 
64 6 47 85 75 3 22 2 27 34 31 1 32 74 76 3 28 
63 25 80 85 16 30 40 65 38 91 39 62 16 99 26 74 99 
11 1 2 33 3 81 19 86 35 52 61 63 55 41 26 32 21 
12 48 4 52 65 94 95 4 56 12 56 82 38 55 46 40 9 
31 95 42 3 82 77 7 95 41 62 36 19 46 9 83 46 65 
87 11 59 83 68 67 47 24 2 85 31 48 77 92 31 73 34 
86 7 64 93 54 57 7 42 76 53 51 60 99 69 47 63 28 
30 31 96 77 7 98 15 90 98 44 82 81 17 68 68 76 32 
61 30 89 21 72 66 74 76 78 26 45 25 89 25 8 72 21 
37 31 71 4 21 21 49 3 55 18 71 23 95 4 36 77 45 
57 2 63 84 78 41 62 75 19 51 0 27 75 74 16 6 97 
21 27 19 22 82 74 40 53 49 87 9 37 17 55 95 19 18 
31 49 12 93 24 31 96 76 10 23 50 78 29 48 51 8 19 
73 90 45 66 95 94 5 5 31 22 12 78 93 82 61 94 94 
54 70 25 2 47 87 25 49 66 54 49 17 14 68 91 4 13 
9 0 59 14 57 91 89 69 21 82 51 83 77 46 37 99 23 
40 46 11 65 96 29 72 45 46 86 66 89 43 31 98 95 91 
13 52 82 2 21 3 36 24 38 65 22 28 65 46 20 63 9 
37 59 38 9 57 36 48 75 26 43 6 76 38 97 41 90 31 
95 63 35 32 39 25 49 62 53 14 8 73 78 69 11 89 59 
72 98 95 20 73 73 63 32 50 53 29 91 95 61 39 10 48 
71 50 73 72 12 79 39 72 52 17 93 15 58 52 88 9 47 
60 34 73 24 66 23 29 48 66 25 9 5 35 9 28 85 34 
1 49 13 40 73 66 9 66 81 19 18 21 28 66 82 63 91 
58 81 14 87 29 32 64 90 38 0 99 66 37 34 19 39 99 
11 12 17 20 79 51 92 97 72 20 15 54 35 6 12 69 72 
0 98 5 64 41 43 16 92 61 6 78 33 45 78 44 9 95 
17 88 46 9 86 19 81 53 25 69 12 38 38 84 90 88 89 
6 29 84 23 22 98 81 0 31 26 30 27 35 78 96 76 24 
5 14 95 39 67 21 8 79 59 46 16 1 86 5 7 16 42 
30 90 40 63 42 23 41 25 50 29 3 47 5 27 4 19 75 
43 38 96 3 70 7 1 86 8 88 91 15 56 33 98 98 25 
13 92 48 55 17 51 84 20 50 89 0 6 60 75 2 98 23 
5 20 82 7 6 42 47 50 9 3 83 59 53 61 73 45 61 
28 63 12 64 35 14 5 35 21 65 62 75 15 37 80 36 19 
39 94 61 86 44 23 41 80 82 94 41 55 40 2 35 55 67 
99 90 81 4 26 54 21 40 29 89 78 62 77 97 1 71 11 
40 16 34 81 96 16 28 89 24 68 91 11 75 58 11 65 92 
67 43 98 41 84 28 82 62 90 59 11 43 82 22 83 50 8 
17 46 77 45 87 1 65 79 12 40 89 75 57 33 95 1 32 
36 37 60 18 99 2 29 62 97 11 85 81 62 45 50 60 22 
95 48 75 12 79 88 4 20 15 61 54 10 14 86 98 51 98 
68 2 52 97 65 49 61 2 82 23 47 32 35 22 27 83 97 
91 14 37 95 35 53 57 41 15 71 79 66 75 29 34 77 81 
84 42 82 45 96 65 20 96 49 55 18 29 91 15 20 5 53 
16 92 58 25 33 25 48 12 91 23 41 78 53 74 62 47 57 
7 44 74 79 40 23 34 58 52 77 25 73 35 30 41 27 40 
66 61 66 14 25 9 90 67 87 43 41 1 90 50 8 86 24 
39 26 0 26 36 52 3 62 77 38 92 18 66 85 84 79 51 
51 4 12 93 23 0 36 17 1 78 67 62 65 44 1 43 44 
27 80 48 83 94 26 21 38 44 39 23 81 18 26 84 75 39 
77 98 91 65 67 44 95 35 6 12 31 60 56 27 39 88 75 
22 34 1 96 72 98 35 48 31 6 74 67 81 65 96 31 56 
61 99 53 8 86 59 21 69 71 77 96 63 17 71 85 51 25 
33 75 75 69 23 58 27 50 25 60 67 21 91 76 34 42 29 
42 80 40 63 49 12 92 45 27 9 69 12 12 94 98 88 21 
67 63 79 94 13 4 6 33 77 49 9 11 92 90 53 24 30 
69 26 94 61 71 21 23 92 86 35 86 84 23 59 3 87 38 
49 52 94 55 85 71 4 46 34 48 36 40 73 67 9 99 13 
22 22 35 45 15 73 81 53 57 4 65 60 43 3 9 96 50 
16 33 73 20 80 8 69 68 0 94 87 9 45 1 83 67 88 
29 34 61 62 40 70 18 5 30 62 60 91 10 10 59 95 84 
79 27 92 0 96 44 94 83 53 39 36 88 59 24 69 45 37 
31 85 7 50 42 89 64 3 32 26 13 91 21 97 23 49 41 
23 97 85 18 32 90 9 21 31 20 97 0 66 35 32 3 94 
34 46 84 98 49 68 76 62 60 97 12 83 98 5 58 47 43 
28 32 33 38 53 64 10 50 65 28 85 49 32 32 83 30 68 
33 79 36 9 93 48 58 57 83 9 63 42 56 6 70 40 91 
60 93 8 71 44 25 99 81 74 83 65 9 13 33 94 92 70 
3 38 18 13 95 2 22 58 44 31 16 66 71 8 27 17 68 
98 13 93 49 94 19 33 60 28 46 93 22 91 15 77 81 34 
42 76 88 65 87 84 48 3 50 71 63 77 88 31 75 1 76 
77 48 95 10 60 75 8 5 49 51 21 26 32 7 21 61 95 
86 48 79 86 3 29 57 67 59 98 50 86 51 27 63 99 74 
25 59 50 34 17 99 37 38 78 70 45 99 31 92 37 31 23 
75 34 52 84 53 63 82 4 50 86 83 13 85 57 39 97 59 
25 14 59 62 4 89 84 1 40 67 93 29 98 16 4 33 20 
40 38 84 75 42 34 61 77 99 46 35 38 95 94 15 61 5 
78 65 46 14 66 86 82 11 67 80 27 71 65 0 12 4 84 
87 98 70 48 76 69 46 63 60 94 9 75 7 67 5 73 13 
20 91 52 54 55 19 34 82 43 52 82 55 56 18 94 6 88 
94 82 10 92 97 22 38 7 97 46 74 55 71 39 27 62 91 
81 17 63 67 52 6 19 86 13 27 5 7 34 45 53 68 7 
97 66 29 36 73 79 82 99 34 53 38 13 67 82 46 37 45 
65 89 51 85 27 16 64 84 23 50 30 28 19 37 25 37 67 
61 10 98 95 61 32 48 51 97 68 33 43 5 30 8 46 33 
45 73 49 62 10 24 12 40 52 31 29 30 20 48 43 30 46 
39 43 30 39 95 79 7 80 22 64 11 83 10 44 80 36 94 
42 46 18 55 38 23 38 19 53 59 20 96 41 18 87 37 49 
79 84 28 86 64 3 3 27 38 65 72 18 1 18 13 99 88 
20 89 11 10 61 64 21 81 13 63 99 52 52 0 31 36 81 
70 52 36 73 80 74 38 52 44 92 22 57 43 10 77 85 22 
88 46 38 9 27 3 24 78 56 28 31 39 64 12 9 17 48 
82 97 74 73 1 18 65 75 76 60 85 53 45 59 93 91 50 
55 70 53 79 1 61 60 32 1 24 96 10 93 96 45 90 70 
18 43 88 35 18 64 95 4 70 41 15 15 84 65 70 55 19 
2 56 32 62 40 33 38 36 96 32 32 41 74 2 11 18 42 
46 88 59 93 44 81 34 60 96 19 25 19 26 96 73 34 81 
87 74 66 25 62 62 9 94 55 84 48 66 54 42 64 42 1 
58 39 82 44 99 31 15 76 50 41 25 75 75 6 62 1 72 
39 63 87 49 9 42 33 9 61 87 52 25 81 53 35 20 36 
80 19 19 95 48 21 89 25 96 16 31 58 18 55 97 33 42 
46 43 37 31 52 98 18 56 75 52 10 63 72 98 43 44 17 
90 44 38 79 69 86 48 0 96 66 7 45 99 50 44 94 39 
75 99 89 46 55 16 98 17 79 22 15 74 66 84 17 10 74 
96 79 60 96 31 56 62 39 54 14 41 98 60 80 73 59 21 
71 67 37 69 84 69 44 52 43 10 36 60 73 11 9 52 23 
5 36 32 20 27 86 86 68 84 46 0 9 58 21 33 25 10 
2 61 31 98 13 75 9 2 87 34 13 48 38 88 6 74 20 
78 1 58 64 21 94 62 21 56 20 94 89 97 57 43 59 88 
42 24 15 3 26 55 37 91 55 75 32 13 50 4 91 3 63 
7 25 9 70 98 65 42 93 6 40 2 50 51 90 92 75 6 
47 54 13 84 97 68 59 29 82 61 34 73 65 97 33 42 6 
3 40 24 45 85 30 37 87 80 88 78 24 16 36 71 22 49 
7 19 17 19 49 51 80 83 25 97 32 10 91 90 13 32 14 
10 17 97 0 5 77 40 35 54 8 71 77 30 20 37 50 89 
56 51 41 88 86 18 86 18 28 77 8 93 61 75 55 79 72 
55 36 1 96 71 55 56 42 85 87 14 22 89 55 78 40 96 
66 78 66 4 96 94 34 4 87 47 31 95 78 3 50 14 5 
98 37 60 55 31 97 42 45 19 83 53 49 75 49 68 53 16 
24 49 62 10 5 2 58 37 97 36 92 47 3 97 98 40 10 
53 72 7 47 69 79 82 22 80 57 24 48 62 92 25 63 54 
35 20 8 93 9 5 82 2 5 85 99 55 77 61 8 49 69 
7 71 0 89 93 80 98 69 81 60 61 6 75 68 41 95 28 
87 5 34 21 59 91 6 10 46 83 72 6 85 93 13 56 93 
54 1 25 4 23 6 16 36 64 91 4 58 38 85 45 95 19 
66 54 62 24 65 8 59 89 66 44 82 31 52 27 85 6 52 
89 29 11 5 65 75 48 22 33 86 7 30 82 78 48 88 92 
72 53 0 84 94 18 80 76 49 33 3 34 91 8 75 72 71 
32 89 46 80 63 32 18 70 62 0 0 63 41 92 35 94 44 
71 41 62 52 17 11 37 73 97 28 33 72 52 4 56 41 2 
88 5 34 7 27 49 59 28 12 0 72 99 47 69 71 88 31 
23 57 95 12 30 44 92 15 69 44 19 25 85 74 14 90 8 
21 18 57 32 98 21 33 22 21 80 91 92 20 75 67 77 22 
79 60 66 71 75 87 15 47 13 52 21 79 95 29 52 13 39 
84 63 60 69 37 33 49 29 25 21 56 44 99 78 75 59 96 
46 86 84 13 33 49 18 54 28 13 36 80 78 27 16 41 39 
86 30 73 35 59 50 57 67 95 8 45 70 67 94 69 5 78 
34 39 27 52 45 55 65 33 87 43 12 3 36 52 89 67 77 
77 78 27 86 46 74 46 43 97 13 37 66 70 15 52 9 94 
5 7 1 22 92 88 18 5 44 6 9 33 73 86 62 4 13 
0 50 40 46 45 37 59 83 55 82 50 7 91 45 64 50 46 
87 43 87 5 48 31 63 57 64 37 95 79 93 60 79 43 0 
26 40 37 37 23 44 19 74 52 63 71 16 13 69 55 8 56 
12 56 87 76 65 4 65 12 83 58 73 62 53 25 88 93 15 
78 17 59 97 43 11 60 14 28 26 83 35 34 92 48 43 79 
24 60 83 89 73 18 47 98 81 0 23 21 93 38 99 62 98 
49 5 9 61 71 89 87 7 25 22 99 25 65 30 49 77 66 
38 50 84 37 48 17 37 72 91 82 62 42 97 60 91 2 22 
53 26 63 40 85 40 14 36 65 31 18 14 9 84 4 59 21 
41 60 38 30 84 29 65 46 24 62 7 15 64 81 20 42 44 
13 79 85 27 67 50 11 86 17 20 70 73 31 91 15 91 82 
97 75 63 62 74 87 24 33 55 41 14 75 83 10 40 15 95 
20 82 98 31 68 67 51 91 40 82 34 7 26 16 5 1 80 
67 27 67 92 60 74 33 74 50 68 85 42 35 32 62 18 82 
93 38 1 96 29 42 79 64 49 5 80 54 58 12 74 86 32 
66 98 6 51 25 8 19 62 51 55 94 65 25 29 11 63 30 
7 93 24 38 9 74 95 41 80 6 54 54 44 86 72 42 44 
23 67 53 95 29 56 2 76 21 27 5 32 90 87 92 35 12 
30 96 38 26 38 18 32 92 25 76 30 97 70 74 21 38 79 
16 67 87 18 95 61 97 52 93 39 40 37 27 4 68 23 42 
46 61 12 30 5 37 6 35 35 76 62 8 66 93 24 86 81 
94 81 42 43 86 87 82 78 25 9 82 45 33 76 91 94 40 
21 0 78 79 87 65 7 1 73 74 95 49 12 28 43 93 22 
86 31 61 20 9 86 30 91 83 15 19 74 9 60 47 61 90 
26 1 55 86 2 28 60 49 77 72 29 72 17 51 58 49 13 
30 58 51 60 2 87 75 73 61 37 85 61 50 75 39 3 30 
25 58 58 85 59 87 9 89 59 79 92 69 80 57 0 90 61 
12 92 48 40 18 9 29 3 22 79 79 62 35 61 87 93 72 
25 52 59 34 41 71 65 86 40 45 43 92 36 4 5 80 52 
97 98 14 26 54 36 57 85 98 92 46 38 85 18 63 90 30 
49 31 1 15 17 41 12 13 86 48 17 91 81 22 40 31 36 
66 85 24 23 70 75 68 69 13 53 87 28 43 17 77 27 70 
44 96 64 57 61 50 57 79 93 38 53 33 70 89 99 7 65 
74 78 92 42 47 57 48 86 85 43 56 15 22 78 59 19 42 
68 80 92 78 11 37 68 64 70 90 5 21 98 23 48 28 15 
42 27 73 90 13 10 34 21 25 56 0 37 27 42 57 60 87 
87 23 24 56 88 47 46 45 20 44 68 68 72 36 11 99 61 
53 65 71 87 86 49 96 38 38 75 33 95 87 20 83 11 96 
91 51 95 37 96 16 82 17 36 6 53 47 58 66 1 23 37 
40 61 38 88 0 76 16 33 24 3 5 59 14 53 50 65 49 
87 62 65 21 31 1 80 36 1 38 2 54 13 91 46 74 30 
35 26 58 51 11 82 54 68 41 21 22 43 86 71 83 0 88 
56 31 89 36 67 42 26 21 96 91 13 43 66 43 30 44 1 
33 56 36 39 76 29 60 98 25 99 21 8 99 9 64 83 51 
53 2 93 31 24 42 23 37 37 41 32 67 37 85 0 93 21 
39 22 3 52 20 28 51 42 36 50 3 52 33 54 57 36 0 
41 12 42 64 49 79 57 81 98 94 66 98 40 40 89 62 43 
41 34 23 92 76 11 95 80 63 80 86 73 68 86 14 80 80 
30 29 11 39 62 9 33 81 59 25 73 49 87 68 42 22 91 
35 50 2 30 82 17 62 69 90 31 7 4 11 88 86 93 99 
25 7 61 11 88 20 36 61 69 24 81 64 98 72 99 0 26 
81 83 44 43 4 34 26 11 91 38 51 29 83 3 55 90 64 
66 79 84 54 92 6 30 26 70 28 98 21 81 25 54 64 21 
97 68 55 24 31 98 14 83 28 97 38 35 87 2 53 18 38 
7 63 96 38 89 18 18 39 39 99 16 93 15 37 43 35 45 
19 19 95 85 54 75 82 92 10 21 94 15 92 84 75 7 81 
65 48 99 35 39 91 35 56 84 2 45 79 90 42 98 9 38 
35 63 65 17 55 76 91 1 43 35 85 18 94 18 83 42 18 
19 81 9 6 89 45 60 87 77 50 29 27 59 19 63 74 85 
80 29 13 23 30 56 10 68 27 4 86 62 98 56 33 32 17 
91 21 63 52 60 40 54 90 19 66 61 82 40 46 15 70 11 
38 52 20 1 20 99 5 7 61 4 63 95 36 81 38 9 96 
90 70 88 45 12 7 63 73 90 3 72 5 73 35 95 26 55 
96 98 54 54 5 68 10 21 15 46 54 53 7 2 44 29 42 
41 41 49 4 67 91 59 91 48 33 26 96 11 34 44 9 88 
98 67 56 8 40 71 6 46 77 66 48 21 95 90 14 37 91 
70 56 83 29 47 83 14 25 79 77 59 24 39 0 74 58 8 

17 493
83 98 32 41 96 9 7 44 82 3 86 48 92 77 70 0 12 51 47 48 66 24 27 43 84 3 34 36 78 92 44 13 90 28 54 38 37 14 82 71 69 20 19 13 50 89 13 62 41 12 62 59 36 90 54 72 93 89 60 71 81 57 84 24 85 91 62 75 57 97 46 26 17 18 39 19 59 4 34 52 16 96 11 4 86 18 29 32 7 89 55 40 46 40 16 32 83 79 59 40 28 5 66 97 23 57 17 35 13 51 87 29 99 99 85 86 69 14 70 28 56 25 68 2 65 85 86 0 16 45 40 96 3 58 93 78 67 62 13 80 65 1 61 65 52 47 3 73 13 73 1 69 98 69 24 64 6 10 16 74 8 9 70 63 67 64 93 87 78 7 67 44 60 81 9 64 28 12 37 41 85 38 63 83 59 87 99 18 49 68 92 9 77 63 72 96 79 18 83 57 25 3 53 37 84 14 53 64 26 42 5 63 32 20 99 91 7 50 9 9 18 2 18 95 17 43 44 96 61 27 5 38 30 59 75 66 73 80 30 52 22 88 67 54 8 66 45 68 69 7 77 87 61 95 35 78 38 79 26 51 58 31 89 41 90 16 7 16 96 90 68 18 78 35 72 38 54 70 6 23 29 83 62 90 31 49 20 21 80 46 73 39 29 14 32 72 31 39 88 27 81 8 98 59 95 22 98 49 44 56 24 73 92 87 15 23 88 87 44 69 85 69 60 15 84 92 87 15 31 27 94 65 87 44 24 82 67 74 84 11 83 60 37 75 99 4 98 88 92 94 57 77 64 69 92 0 61 31 67 44 10 13 9 49 58 86 32 77 60 68 40 43 28 77 70 80 82 68 68 26 15 77 3 31 46 48 31 59 31 50 3 94 63 13 43 73 99 27 50 11 47 43 7 28 72 77 8 6 98 76 32 13 5 36 96 3 36 27 62 67 29 17 13 44 30 57 18 81 84 20 45 32 63 52 60 36 29 20 42 27 48 75 92 53 63 88 8 99 67 70 18 96 87 32 41 70 41 11 3 77 31 48 9 95 0 21 83 82 41 25 61 89 52 54 94 15 94 2 66 62 24 37 10 64 21 3 86 14 14 89 91 46 90 
53 93 42 74 28 24 68 53 38 9 58 44 56 25 38 10 44 52 35 81 15 51 54 18 89 68 85 30 59 83 20 12 76 63 39 4 39 59 9 77 68 67 73 76 45 12 87 89 16 74 70 31 25 76 2 14 96 87 44 55 70 17 20 98 80 11 54 71 70 15 1 90 35 74 67 80 38 54 69 55 28 91 38 5 67 40 19 63 79 15 70 49 32 42 99 64 53 5 36 23 21 89 14 56 63 33 36 2 39 57 9 19 48 99 24 67 40 95 82 71 10 4 73 95 47 72 59 0 78 47 24 51 36 90 59 52 75 47 6 14 4 15 33 4 66 57 71 58 4 5 30 66 9 3 61 56 27 73 57 57 72 33 8 61 75 19 13 50 66 19 64 70 86 49 26 52 58 49 11 62 54 93 80 64 96 94 72 23 67 81 33 91 66 41 52 41 61 17 43 79 88 59 2 26 8 28 79 18 78 42 80 32 35 13 48 83 7 73 58 26 6 91 17 73 85 22 66 98 91 10 77 80 69 31 6 30 60 37 48 90 31 81 74 18 94 23 53 1 48 12 27 54 55 96 79 40 70 46 90 62 8 20 94 29 51 52 11 11 90 12 1 73 93 76 92 39 51 45 92 51 9 71 57 65 19 37 57 90 35 48 4 95 68 98 76 19 50 88 83 92 0 36 66 45 64 10 36 15 7 28 18 17 51 76 34 70 65 91 12 0 91 16 47 11 14 23 83 65 11 66 57 63 54 75 60 19 85 96 34 93 76 53 62 27 81 96 98 46 39 10 98 83 79 45 94 93 68 77 10 32 95 20 47 50 95 8 69 33 4 55 78 81 60 40 60 41 88 10 39 79 73 37 62 52 82 9 45 3 86 56 35 34 28 82 36 23 90 57 8 47 12 86 80 25 26 40 18 66 51 58 46 24 47 60 76 30 69 21 33 8 29 20 42 9 2 78 33 45 87 41 92 99 80 72 76 6 12 47 25 15 57 23 39 4 35 15 34 5 89 19 65 70 39 7 80 94 37 65 39 24 58 83 75 38 55 4 97 19 3 22 35 60 97 26 64 32 42 51 37 83 22 54 5 62 13 37 56 2 2 95 26 13 78 
54 51 85 10 48 56 13 22 91 25 19 18 89 52 12 92 41 47 15 48 52 29 61 42 85 64 44 32 42 57 62 48 61 99 58 61 55 23 84 99 48 55 69 90 59 33 82 53 80 49 1 84 30 62 26 15 26 23 99 21 32 13 69 93 12 80 55 20 3 91 71 52 46 40 42 6 73 76 59 5 78 12 89 8 74 68 76 53 43 27 74 75 41 95 21 5 75 76 77 79 19 48 83 65 88 77 23 13 5 34 18 83 46 60 44 73 80 72 78 23 99 4 98 92 99 71 50 75 99 27 6 18 28 89 36 68 66 59 82 23 46 52 7 44 64 3 17 44 75 47 67 74 51 18 19 3 89 69 30 41 48 36 59 76 77 95 97 95 7 31 18 5 83 77 49 0 80 19 96 55 66 64 82 70 34 1 73 75 70 3 16 18 91 28 47 20 23 44 15 82 27 85 87 62 63 37 62 95 56 59 51 74 75 33 44 61 34 69 88 56 24 5 26 15 85 25 35 8 21 2 43 48 40 30 11 3 19 73 98 27 84 1 54 59 86 98 72 72 20 61 28 44 18 7 12 3 32 99 63 54 2 6 2 42 89 65 97 8 91 47 36 75 1 90 87 87 40 59 60 12 20 88 57 38 47 69 41 80 68 5 34 22 63 88 16 52 6 65 61 97 13 49 72 14 91 11 53 83 71 13 96 43 54 5 82 1 74 75 81 94 32 67 69 96 8 85 0 14 51 13 63 16 14 35 82 5 99 35 41 70 49 89 13 55 94 47 56 20 75 90 66 7 9 35 55 69 73 56 83 24 69 46 92 84 34 74 41 33 9 82 55 10 23 20 17 17 68 26 89 43 16 56 2 77 43 58 47 16 14 82 92 35 81 84 19 67 10 61 52 72 95 7 34 19 79 52 88 47 78 30 42 46 86 97 23 81 55 22 98 21 5 42 56 38 27 28 5 89 41 57 61 36 16 96 7 95 48 48 95 78 78 89 24 16 86 47 97 93 70 47 14 27 90 23 65 69 51 70 58 92 79 20 80 47 68 40 94 16 88 41 94 18 31 70 34 69 17 83 15 39 83 29 66 25 4 31 94 55 53 4 99 84 24 
80 31 44 20 26 60 60 19 6 78 50 76 64 72 46 99 87 85 82 68 4 59 25 87 53 80 41 58 80 25 34 12 9 79 84 87 91 44 6 50 74 9 78 38 33 24 89 72 62 24 40 66 83 17 53 89 98 46 47 30 24 33 94 33 12 78 72 56 22 30 6 48 39 84 86 24 61 27 96 75 51 89 93 35 6 98 24 56 45 23 38 21 56 32 6 21 10 78 77 84 8 35 32 0 71 70 76 32 98 73 7 1 14 52 88 20 51 64 77 48 87 15 69 96 0 75 69 10 5 98 47 65 33 31 65 4 2 42 89 52 67 48 5 81 1 94 53 52 58 30 0 98 98 69 46 98 96 15 60 1 13 59 66 98 91 84 54 45 78 43 49 45 92 54 78 93 48 31 97 59 62 49 57 12 18 3 62 66 70 22 67 35 34 33 85 25 69 39 70 47 83 71 92 27 25 70 72 74 2 21 85 16 70 42 80 40 97 42 6 19 16 73 54 50 58 39 27 28 78 49 27 13 20 20 92 46 42 64 72 96 85 57 64 7 51 44 47 48 38 53 67 7 78 73 9 89 12 37 69 42 86 96 8 59 68 0 57 63 17 29 59 54 38 76 62 89 72 61 89 11 15 8 70 45 81 79 34 45 68 55 39 7 52 99 66 20 52 23 35 69 4 95 75 42 23 89 83 95 51 72 58 18 32 28 15 65 60 2 62 28 57 1 35 9 53 1 82 5 76 17 26 80 64 53 22 87 43 57 35 46 29 93 16 13 22 31 78 82 33 40 62 91 94 98 52 99 51 86 4 28 56 82 8 72 35 83 60 30 92 47 76 74 40 44 87 14 76 18 96 9 10 11 52 4 9 57 55 60 43 11 40 51 93 1 24 29 84 36 11 28 83 40 2 23 84 90 38 12 8 86 74 18 97 26 75 58 83 30 19 79 42 59 30 87 60 54 68 96 90 80 25 25 20 27 49 56 69 39 69 29 77 43 48 75 69 75 85 5 57 4 36 99 16 66 39 28 73 7 77 15 87 54 41 59 33 42 16 3 81 85 32 58 28 32 85 49 7 71 6 65 27 42 16 43 61 55 24 34 63 1 1 2 55 
42 62 88 84 78 43 17 15 76 28 95 60 65 96 68 36 3 85 16 45 1 11 6 9 35 92 72 88 94 26 43 88 88 84 25 18 27 94 85 55 22 80 68 40 77 36 28 32 73 44 77 74 56 36 35 43 80 7 32 26 86 27 15 74 63 92 45 43 86 82 98 61 63 18 1 92 54 29 24 79 74 53 6 82 41 41 25 22 1 9 0 87 89 67 13 52 59 58 95 46 93 46 59 56 64 60 0 71 89 76 50 15 81 56 97 23 98 75 97 99 36 97 86 25 65 51 78 24 62 25 22 55 71 81 63 36 93 63 59 83 91 9 50 72 66 48 95 16 75 44 67 63 94 5 41 59 56 19 35 18 96 10 25 68 43 88 56 37 3 15 72 94 24 22 19 42 22 66 10 49 11 77 13 5 82 54 16 91 25 3 61 21 13 87 41 9 75 97 46 31 12 70 77 89 92 96 83 67 63 94 16 26 23 81 31 58 87 99 49 12 2 10 86 68 49 79 77 25 77 75 8 41 45 85 82 89 82 66 56 97 12 73 23 35 6 6 93 94 5 94 58 59 57 44 27 6 24 56 83 53 31 91 46 76 77 29 66 11 47 74 60 11 47 83 98 54 41 44 0 98 38 58 57 95 3 37 54 79 93 37 84 25 29 30 53 58 11 71 21 10 46 81 73 45 16 72 51 57 16 51 55 6 10 64 54 65 1 8 96 47 45 80 24 26 62 29 84 26 1 57 88 99 38 62 44 54 86 96 63 54 99 70 60 61 35 14 26 88 22 74 87 20 6 11 46 21 41 83 47 94 40 87 93 31 1 37 85 39 85 1 93 85 71 54 46 6 68 25 47 43 99 34 63 6 98 9 27 39 92 26 33 85 65 78 16 19 15 53 58 53 54 52 90 26 6 36 84 26 13 83 69 65 18 32 23 16 94 2 7 38 80 92 23 45 70 91 64 37 45 75 90 51 27 80 29 85 69 66 11 34 49 33 99 19 17 22 35 11 76 94 50 56 86 25 54 8 17 18 46 14 45 36 65 72 69 47 9 38 13 73 72 14 6 24 34 23 46 21 87 75 16 37 31 54 14 85 63 31 56 9 97 1 97 
15 26 66 62 35 56 27 8 29 41 66 5 75 42 51 97 29 26 65 18 10 19 84 95 82 16 51 43 65 5 41 80 31 7 42 18 64 69 79 45 11 45 50 38 39 53 87 20 32 52 38 42 24 23 89 6 91 93 50 56 98 43 37 81 50 31 99 66 53 30 11 16 28 13 54 67 67 42 88 99 46 78 93 70 53 82 29 96 75 31 5 25 74 42 6 76 25 58 43 78 88 6 94 16 20 1 84 87 95 24 38 41 54 83 64 8 17 45 4 93 28 9 18 54 3 77 30 81 35 25 59 23 32 6 40 52 7 76 91 2 52 81 95 6 64 59 66 81 56 71 26 84 32 97 90 88 74 21 69 9 98 80 84 30 86 76 34 93 4 25 95 56 58 91 63 22 2 29 56 11 52 82 95 37 79 38 77 5 11 46 66 9 78 51 40 65 27 74 10 32 52 6 40 10 49 55 85 3 37 41 14 41 75 62 78 7 0 55 12 11 53 79 20 84 82 12 49 9 39 59 93 91 17 34 53 18 89 38 22 78 79 88 20 55 50 98 62 50 6 26 13 11 5 86 95 87 98 96 49 37 8 94 80 77 28 34 48 70 72 70 48 4 58 20 11 61 19 73 11 77 99 77 40 57 63 88 96 61 84 45 51 44 92 31 74 20 17 22 42 90 92 43 94 2 63 5 63 34 30 27 63 81 56 4 90 19 44 87 32 28 84 35 25 76 67 99 49 36 21 43 26 65 38 72 19 54 29 83 40 11 62 4 45 18 60 35 89 4 74 21 84 11 57 61 39 76 60 40 12 33 36 91 98 74 15 70 80 45 5 21 8 67 77 53 37 89 41 26 45 67 99 29 78 8 43 18 36 3 10 49 89 46 92 39 21 7 9 53 4 14 74 13 33 3 18 70 44 59 48 89 27 0 71 57 8 14 27 97 69 38 98 58 84 90 50 57 97 59 11 54 26 37 19 59 93 37 30 37 49 30 27 28 82 50 37 43 64 65 40 85 55 38 96 39 28 46 97 77 57 60 83 83 49 2 43 42 92 25 80 41 7 59 21 90 9 58 33 25 75 73 10 30 63 6 22 43 4 71 20 62 31 4 45 
80 58 40 23 50 17 55 43 25 14 16 15 75 75 0 0 2 73 10 33 88 69 55 31 73 78 3 87 9 7 85 41 18 25 16 68 43 71 64 68 37 80 35 12 7 35 12 10 60 75 95 48 44 2 79 69 80 82 57 41 42 42 82 12 19 99 80 14 22 96 34 60 77 69 24 84 56 37 46 16 64 41 16 8 95 47 29 27 30 86 68 24 80 3 36 0 54 68 66 76 65 1 88 94 22 13 78 79 2 77 47 66 70 64 26 66 11 55 93 93 94 14 69 74 17 57 26 71 26 93 99 43 46 88 37 68 53 67 47 55 96 47 73 67 11 51 85 74 6 30 20 0 44 89 27 13 99 5 84 25 50 36 20 96 24 9 17 77 28 64 84 25 63 9 92 74 60 77 1 66 7 21 19 4 62 98 17 61 3 54 38 6 90 58 2 66 19 71 43 48 88 79 25 51 88 17 78 48 46 79 66 5 52 85 9 14 35 79 28 39 85 66 97 75 77 51 93 48 23 88 96 11 67 21 62 55 90 40 55 88 19 21 94 23 59 55 38 94 86 66 85 71 84 82 98 13 34 91 62 57 79 58 20 98 32 82 5 74 75 60 63 46 34 57 70 93 12 60 39 99 78 25 22 62 59 21 76 93 64 38 2 44 48 22 94 32 57 0 7 84 60 70 30 94 27 0 39 91 12 79 42 90 56 17 53 15 38 81 9 54 71 63 50 19 38 45 4 95 45 11 31 5 81 61 52 60 14 91 51 26 22 46 69 78 63 74 94 53 55 55 7 78 70 10 97 8 55 1 55 0 64 86 57 45 0 9 5 14 53 9 92 27 7 61 6 22 35 52 75 42 59 34 20 29 44 70 90 51 23 97 51 88 84 9 33 84 70 91 50 75 52 94 3 11 56 61 33 43 65 60 86 24 46 6 5 43 76 47 94 0 45 46 88 29 7 73 65 29 16 67 5 68 61 60 79 69 73 64 13 38 24 99 14 71 57 71 14 34 19 60 86 64 6 26 45 65 51 62 95 68 29 52 88 90 64 20 12 89 84 25 27 61 24 93 84 33 16 50 67 35 10 5 99 17 83 96 34 35 58 29 3 87 33 
43 30 49 63 42 38 48 67 17 9 43 10 45 76 27 95 96 14 5 53 14 74 37 10 9 24 21 90 27 8 24 70 90 73 86 84 12 34 3 29 95 46 92 40 75 71 35 23 85 92 76 99 67 65 62 76 89 83 66 68 43 42 91 86 16 77 70 80 11 74 61 58 72 53 50 47 24 37 22 10 29 99 61 96 16 75 72 6 10 39 26 6 33 17 92 49 94 62 81 57 36 43 15 9 96 65 8 21 2 31 83 32 82 96 80 98 72 53 56 34 44 83 40 77 0 32 79 95 47 60 4 83 3 20 44 0 37 53 73 92 36 8 76 18 4 56 68 28 61 25 15 57 60 55 35 12 40 66 59 87 26 64 70 82 36 67 34 73 20 7 17 56 67 93 26 71 2 94 52 15 71 67 73 31 74 60 96 14 26 55 1 4 19 24 86 55 91 20 81 63 79 98 19 46 44 45 70 98 91 22 13 63 41 86 46 15 46 42 82 72 50 83 77 69 59 15 77 2 36 10 65 15 8 36 62 4 33 84 2 25 58 16 40 99 2 38 66 1 33 48 73 83 84 2 4 43 70 81 98 6 43 63 73 52 0 87 8 85 71 11 62 29 79 2 28 33 93 95 34 26 95 60 9 79 14 65 75 84 99 73 90 42 36 16 46 88 3 55 74 75 18 88 4 97 91 85 30 84 32 17 62 27 77 23 7 43 88 82 28 87 7 70 30 43 86 76 84 90 83 10 17 1 98 73 50 41 58 33 77 90 50 39 70 79 62 29 74 51 63 2 90 70 25 20 65 11 49 49 53 84 11 22 86 10 96 88 3 54 21 81 97 23 20 67 54 35 96 29 38 11 83 28 81 8 1 46 72 2 48 77 86 59 0 24 21 96 13 25 50 86 6 99 10 78 18 16 13 66 45 51 77 29 32 58 89 33 5 61 35 53 39 21 64 39 98 86 87 11 11 89 49 69 89 59 99 7 28 65 26 73 68 3 54 0 62 44 33 19 5 20 24 96 42 88 87 92 74 74 3 37 64 52 6 5 64 58 64 92 23 90 17 91 94 72 44 56 16 77 27 73 50 51 70 44 39 9 36 66 84 39 3 0 43 
62 5 59 72 69 3 95 60 73 38 54 45 82 62 13 12 41 38 62 92 60 6 83 70 42 1 54 33 5 54 28 19 11 88 91 80 43 38 92 16 76 46 13 59 60 78 23 1 17 85 45 77 91 81 99 85 82 53 70 39 59 98 10 70 38 1 3 82 91 95 50 68 94 16 79 6 94 2 60 63 87 57 93 30 38 92 67 21 98 37 12 9 35 23 32 74 76 35 8 68 82 10 36 28 26 15 35 73 69 95 88 56 52 33 38 43 78 5 16 28 42 28 37 29 3 69 55 80 56 63 48 39 26 36 67 4 51 54 29 72 49 18 28 54 3 18 49 81 23 65 9 17 45 99 46 49 68 2 29 77 17 77 68 43 65 35 48 68 42 77 40 43 47 20 49 51 38 98 32 61 63 94 30 9 93 76 10 13 78 39 90 96 68 58 91 33 46 39 1 88 69 41 31 16 13 81 19 51 31 4 64 95 98 94 56 43 70 66 56 1 57 99 49 77 57 40 10 55 32 63 95 1 56 79 69 69 60 89 20 91 93 84 38 43 78 46 86 0 64 94 1 21 93 2 98 3 43 60 58 75 23 6 28 31 85 49 0 45 38 72 88 83 8 79 78 38 77 16 39 42 11 92 63 56 95 14 59 90 74 70 17 50 76 45 81 13 46 34 58 85 6 98 20 67 29 99 5 7 15 44 1 78 89 16 35 36 30 46 26 57 68 43 59 96 40 92 9 86 26 19 23 85 70 96 52 99 95 9 58 62 54 59 41 95 28 28 31 58 74 57 67 43 52 26 91 92 19 1 30 97 20 54 34 90 50 38 42 97 48 52 59 2 64 52 49 92 80 80 2 55 89 70 50 41 96 41 33 67 94 15 17 15 69 51 57 71 90 51 20 38 4 80 92 20 84 41 64 65 21 66 72 62 36 22 3 85 15 88 4 10 3 21 77 25 73 34 96 63 38 17 53 94 49 45 14 33 86 78 50 59 96 22 21 33 44 76 70 12 64 26 22 67 48 51 92 73 85 41 88 75 58 41 69 59 86 35 44 24 65 95 35 62 17 8 47 14 84 17 26 48 43 0 15 43 51 60 16 88 1 4 64 11 45 
85 70 83 21 66 59 86 61 94 0 79 54 47 45 38 64 71 86 60 71 54 3 74 14 72 62 67 28 78 78 74 64 0 9 37 66 69 75 28 15 76 59 70 23 4 60 40 75 47 0 98 53 55 24 19 79 86 86 8 17 64 34 33 64 43 70 82 64 45 10 32 73 69 54 97 73 14 37 0 13 89 50 66 96 74 37 76 13 23 36 82 39 70 15 55 65 37 38 82 82 0 14 8 70 68 5 95 34 94 48 48 35 50 66 31 25 4 59 90 79 95 72 19 65 39 26 83 76 64 65 10 65 79 18 87 99 23 34 33 69 82 81 4 33 48 36 10 4 47 52 83 43 24 2 60 15 29 95 91 45 60 1 62 91 20 49 90 95 84 76 65 66 9 69 51 9 57 61 13 57 13 97 52 89 51 64 4 32 60 47 78 20 49 92 64 21 42 6 68 26 82 85 44 44 7 48 53 64 61 19 73 27 16 25 16 19 90 73 52 50 72 82 22 73 26 38 94 68 45 15 46 27 0 43 71 7 91 77 24 52 96 97 31 64 75 0 83 65 73 87 67 45 21 41 71 48 80 65 68 25 32 15 4 33 10 28 92 53 5 16 5 1 66 89 17 41 89 0 6 62 40 25 59 13 18 82 13 98 0 82 75 32 49 80 65 59 8 10 12 65 26 69 18 92 58 35 85 47 87 43 61 27 68 73 93 87 55 6 37 55 40 13 88 89 93 5 0 53 67 64 18 94 34 36 38 44 23 24 44 10 19 57 90 88 30 83 27 38 41 64 45 82 29 85 71 74 43 24 27 10 88 97 4 74 85 95 71 8 71 15 19 90 72 9 30 55 44 9 45 85 26 90 67 55 28 91 30 71 67 9 81 55 59 38 82 44 85 53 53 56 20 24 98 44 85 81 51 29 90 96 66 16 39 86 24 67 77 54 38 44 15 71 51 74 9 33 19 46 38 24 54 58 0 53 3 37 86 54 18 28 3 84 97 94 70 21 61 99 27 51 95 42 74 47 69 36 32 40 82 23 16 37 81 16 42 36 53 28 43 23 8 46 7 5 92 30 26 5 29 53 56 25 48 82 24 17 18 56 57 53 79 73 90 
13 41 84 1 46 64 44 69 72 42 76 78 34 6 4 39 88 10 47 13 58 30 89 27 0 45 84 53 77 9 95 42 50 79 43 48 95 88 17 68 82 45 46 17 4 2 8 92 64 56 57 74 38 46 1 38 43 37 44 72 98 39 14 0 71 10 48 66 50 65 86 32 11 84 1 67 39 10 59 3 18 68 78 56 14 31 46 9 21 42 82 19 34 48 20 5 58 68 23 60 86 62 93 49 46 94 16 85 56 27 89 74 95 19 82 61 50 29 70 23 71 4 43 5 53 15 62 63 83 38 24 21 0 69 70 46 15 38 84 72 65 73 46 12 44 29 25 46 10 48 70 33 52 13 91 57 28 53 21 63 43 97 37 43 66 59 42 81 98 26 5 15 51 4 80 95 85 5 41 95 53 63 80 6 76 71 15 56 77 36 72 20 85 9 16 51 20 58 85 18 36 90 86 87 94 66 34 79 23 27 26 29 91 7 87 19 78 2 76 7 39 0 28 24 61 44 28 81 54 65 52 90 55 38 29 2 56 63 33 79 90 60 8 33 19 95 53 49 98 81 57 89 81 85 65 94 81 45 75 87 10 27 29 66 17 58 20 73 73 53 53 15 65 13 49 84 61 2 34 11 35 91 52 16 28 17 62 61 63 37 48 25 17 29 43 34 87 63 8 12 17 13 27 82 78 76 19 91 30 53 2 65 44 54 33 24 24 95 85 39 85 85 64 54 66 8 88 5 71 48 17 40 13 44 75 44 73 94 35 3 47 38 69 43 92 54 19 68 50 56 7 87 41 72 41 59 32 81 64 3 30 81 96 95 77 71 39 50 65 75 6 64 13 27 7 57 81 26 78 83 82 85 70 75 9 63 86 41 45 50 97 27 83 45 22 60 16 14 63 33 89 69 97 54 96 56 63 77 34 41 61 68 79 83 95 40 47 81 82 44 83 31 71 66 76 45 78 44 59 41 29 0 10 26 6 6 34 70 36 20 63 49 40 94 32 35 35 31 68 69 27 3 0 50 69 28 96 47 24 7 41 53 60 51 31 66 10 17 88 46 37 4 47 77 98 79 64 33 63 84 2 42 87 54 93 8 34 41 7 58 0 48 63 
60 52 46 79 62 63 19 60 52 23 7 81 22 38 45 55 53 81 10 96 68 64 89 76 51 30 84 9 82 84 25 43 36 71 74 50 87 93 62 39 17 69 73 91 60 18 98 13 0 8 9 20 25 50 97 76 32 33 37 15 17 14 10 6 38 84 56 25 77 19 16 46 40 89 89 0 60 88 66 12 48 27 32 73 78 81 1 62 14 91 77 84 5 87 90 43 71 98 20 1 17 37 99 58 26 89 10 86 29 76 98 77 4 83 3 34 64 56 96 31 47 74 15 5 13 57 48 37 55 21 90 25 58 89 83 36 30 93 23 11 22 73 89 78 56 44 12 73 0 8 4 0 34 71 5 0 28 5 37 35 26 27 60 36 68 95 73 51 41 48 62 63 21 3 93 30 99 5 3 0 65 7 52 52 30 9 52 10 14 89 45 93 68 58 29 36 5 2 87 46 2 2 61 24 5 54 6 5 11 9 57 29 68 9 81 50 70 85 60 84 26 57 29 94 67 11 82 73 65 22 71 68 24 33 92 81 39 50 38 3 59 95 32 79 56 65 29 26 2 41 63 28 98 44 74 66 55 8 91 21 30 62 89 6 95 33 40 87 83 78 90 94 26 74 25 82 39 6 61 93 47 76 21 97 20 47 15 28 55 6 49 38 21 38 44 16 71 36 55 6 15 97 0 41 71 77 75 62 83 88 55 30 16 28 79 37 27 95 65 83 53 66 73 74 4 69 43 27 6 98 33 21 48 85 62 19 62 89 34 97 78 89 79 94 70 58 83 97 5 0 32 59 18 5 85 22 27 28 1 33 79 86 54 27 23 68 98 85 9 32 34 39 74 13 34 96 72 69 93 77 22 78 88 40 35 74 15 62 54 16 95 85 55 1 12 78 21 63 16 31 47 50 70 21 64 56 69 88 78 15 17 52 93 6 92 80 32 59 43 38 28 90 24 83 92 88 13 65 51 29 96 99 80 19 72 96 27 42 84 5 9 1 57 2 59 2 82 43 13 77 82 41 68 6 76 12 94 90 29 98 71 78 49 51 97 73 99 76 67 83 82 76 37 91 30 48 45 65 92 11 42 74 52 62 32 81 26 78 23 56 28 94 34 
77 98 83 3 97 59 22 33 93 99 22 37 81 70 34 46 62 45 41 88 50 3 72 31 82 51 6 38 79 0 24 9 98 59 64 48 18 86 81 64 37 3 1 19 73 87 17 88 33 58 28 83 14 1 66 96 52 72 86 83 24 10 44 75 69 8 23 39 95 4 3 84 59 56 3 84 96 21 24 29 31 53 64 45 54 82 93 58 6 79 41 30 41 86 5 62 46 28 2 41 84 57 78 95 66 81 32 62 54 56 43 86 9 7 83 15 41 77 73 47 8 67 77 50 5 83 64 51 63 18 45 0 28 23 47 94 4 79 8 11 36 3 49 97 10 32 13 51 61 38 98 70 5 27 72 10 62 36 62 78 55 7 78 83 30 77 29 86 57 89 49 93 92 98 42 54 83 55 57 44 46 55 66 51 34 90 14 97 27 28 75 34 35 5 69 17 82 50 55 39 39 5 84 31 55 27 37 38 34 94 35 80 49 1 84 35 92 98 32 71 26 59 5 13 64 26 82 99 76 89 90 15 94 27 98 50 54 35 40 40 29 75 73 30 77 57 65 21 7 50 92 85 9 49 50 26 75 84 77 3 73 67 70 20 94 20 70 0 55 62 93 36 38 66 18 67 75 35 88 34 85 80 71 47 81 21 25 8 5 54 11 30 21 33 50 68 53 72 20 60 35 65 96 73 83 66 40 58 1 80 92 39 12 63 38 93 36 15 1 93 69 64 24 42 97 74 62 50 99 35 62 34 0 58 59 84 76 51 94 29 31 39 20 43 54 58 36 91 25 89 36 94 5 60 37 2 87 51 4 86 86 66 72 39 76 31 23 4 34 17 33 65 8 54 8 63 64 96 6 90 37 42 36 42 55 25 96 42 77 52 80 63 70 4 2 46 35 77 2 21 47 35 86 55 41 46 70 58 42 76 0 79 19 36 73 74 62 69 68 39 73 0 54 43 4 9 41 91 86 43 12 85 30 98 41 24 44 11 82 38 40 82 69 59 18 94 85 32 63 5 71 88 5 78 31 61 87 72 52 25 67 16 11 97 66 4 21 62 67 55 0 7 89 21 18 60 15 55 92 30 60 16 18 17 94 49 78 33 73 82 58 40 98 
21 89 16 77 11 78 97 18 78 56 8 51 75 68 66 82 12 96 95 28 66 12 74 67 43 7 40 77 18 32 28 91 22 44 21 85 23 18 55 53 74 63 5 1 83 23 36 96 72 31 76 38 95 51 58 90 10 98 68 80 83 48 72 57 92 45 42 67 63 97 21 89 13 78 43 48 53 79 44 25 62 73 16 57 24 74 48 86 24 68 67 7 16 91 64 60 36 58 28 99 8 1 40 21 31 35 69 84 66 66 10 28 39 26 38 15 52 86 53 76 6 20 36 74 11 52 34 99 11 14 50 19 15 91 92 46 26 13 83 93 31 93 73 70 71 11 37 23 49 91 51 55 63 39 29 27 92 16 26 3 30 77 74 98 20 18 44 46 83 27 91 15 72 17 37 95 28 75 70 78 18 22 85 81 61 15 60 5 83 87 60 13 64 34 11 84 4 8 82 88 87 26 55 60 95 92 7 23 19 78 53 37 52 39 71 65 6 31 71 89 18 31 54 34 18 66 70 22 26 5 62 13 83 17 25 78 62 33 53 81 63 7 19 15 98 90 80 56 73 51 97 44 83 51 30 1 69 1 75 95 58 90 61 93 59 86 71 21 71 76 3 34 83 22 49 33 64 30 89 89 33 86 33 68 38 64 21 59 17 97 55 27 39 16 20 98 54 43 20 26 19 75 60 55 49 62 88 13 44 78 54 77 64 88 46 54 4 67 14 73 16 21 0 7 89 72 58 43 15 78 21 86 5 82 41 54 96 30 19 40 8 73 17 24 61 15 79 17 35 45 42 3 66 42 11 55 66 69 50 33 99 72 20 4 54 61 10 2 91 29 42 51 2 11 76 16 27 7 85 14 52 28 17 70 22 28 77 89 49 27 22 0 99 42 4 5 4 14 7 47 95 49 99 98 13 27 66 40 34 51 54 38 79 23 60 2 4 37 91 53 64 65 54 16 60 10 21 16 77 81 63 72 30 14 22 43 41 88 35 27 40 41 17 71 65 77 73 69 66 16 74 83 82 28 99 42 91 72 58 68 53 73 92 36 88 67 79 81 55 67 9 47 8 78 19 25 56 92 94 74 61 69 57 43 49 8 85 40 81 95 60 34 68 
5 70 56 72 2 38 79 21 99 79 29 77 50 7 85 94 1 60 55 22 69 98 72 78 35 64 11 82 77 97 51 34 68 59 58 22 97 89 43 48 68 24 26 18 31 63 65 33 23 20 7 45 19 31 75 6 48 86 89 25 35 92 11 3 51 69 77 1 10 20 49 79 45 27 49 28 91 66 13 66 87 21 11 58 52 86 64 52 24 5 29 60 97 40 15 1 61 45 2 72 65 51 3 62 79 4 43 22 71 56 88 58 77 0 68 82 38 84 34 15 90 64 27 39 56 42 40 18 87 42 42 5 46 97 19 77 1 62 99 24 19 87 34 48 39 2 30 78 87 17 45 29 33 72 68 89 14 61 59 54 55 53 11 1 50 30 30 52 45 29 28 64 69 63 12 8 65 95 38 52 64 83 33 97 7 2 38 74 15 50 28 70 3 91 24 54 73 54 58 18 84 86 82 53 49 47 13 15 94 4 19 58 39 53 7 47 7 45 21 22 95 1 44 99 44 68 5 17 23 63 36 59 1 70 64 51 17 77 18 63 33 89 21 73 94 28 72 1 26 45 75 21 98 72 72 42 40 77 59 63 92 47 22 94 18 86 97 87 16 67 51 49 56 24 74 51 53 46 4 31 43 32 52 41 4 77 35 44 6 95 60 51 42 34 97 12 21 94 0 89 61 51 90 69 75 17 72 80 15 77 11 59 9 16 0 13 45 36 57 51 83 69 2 77 4 99 90 77 45 42 66 58 45 8 80 72 25 52 53 41 29 16 0 90 84 52 3 29 40 13 33 23 82 87 53 86 39 95 63 84 37 81 95 82 90 75 54 15 27 59 8 9 28 8 99 12 61 55 94 53 68 79 29 2 66 82 89 5 29 4 42 18 38 37 0 28 12 6 95 91 18 4 0 46 64 52 10 77 7 56 31 75 35 60 29 2 94 18 7 75 75 49 93 13 38 93 93 2 51 40 94 69 96 46 67 61 98 30 90 57 86 21 84 22 33 14 76 79 84 83 54 59 85 47 24 75 92 17 78 44 10 72 65 6 70 85 19 21 15 10 78 1 83 15 75 17 29 51 48 13 87 3 25 72 2 49 99 95 19 77 91 29 1 
56 87 72 41 7 93 8 69 23 10 52 38 85 21 19 37 70 33 76 25 10 0 27 59 99 22 30 77 13 59 78 22 99 50 15 6 95 24 75 71 86 27 61 71 1 81 60 71 66 36 96 76 36 23 87 36 98 18 65 11 77 43 85 76 46 1 34 93 77 61 16 63 89 78 86 90 59 47 13 77 35 61 53 24 84 40 60 34 58 77 98 88 20 83 16 18 36 3 64 13 64 80 76 5 58 63 47 69 62 60 46 97 21 51 21 58 92 33 92 2 10 90 42 83 74 59 53 62 62 17 76 26 98 4 84 8 19 31 30 33 92 76 83 65 80 4 23 72 90 16 26 52 58 21 87 84 80 41 47 94 10 75 72 60 31 56 69 3 88 99 36 32 27 19 97 7 76 73 31 18 89 10 70 47 31 58 84 63 51 31 57 61 6 81 74 89 90 43 92 30 94 29 62 21 48 11 81 76 84 12 94 25 22 17 25 53 27 9 68 78 92 25 91 98 59 65 87 1 60 80 31 54 61 45 28 61 56 9 38 93 73 84 70 48 1 95 53 28 56 22 6 48 99 50 98 58 15 86 59 28 18 42 82 31 87 62 92 96 23 82 41 97 67 11 97 68 7 50 49 63 72 7 64 72 57 62 82 25 0 94 53 70 36 87 1 76 50 46 24 25 28 65 22 95 76 19 16 35 22 17 51 94 24 15 18 82 77 53 59 78 99 64 48 87 51 50 63 53 96 87 79 76 4 53 24 81 25 92 16 47 9 19 93 33 34 12 67 12 17 26 42 16 90 90 3 94 92 19 99 40 58 78 17 63 84 93 44 9 85 12 56 94 32 49 79 18 13 47 30 30 25 24 98 68 15 54 14 59 25 13 0 83 44 69 98 28 14 42 37 99 7 45 45 91 94 24 9 8 23 92 90 49 16 41 69 83 47 83 43 72 96 95 7 40 16 6 68 30 0 57 81 59 2 26 50 49 2 12 9 78 56 99 27 72 92 48 8 91 31 51 63 27 98 23 20 66 81 40 96 81 98 29 41 52 7 43 1 9 7 10 39 63 62 18 88 6 66 96 98 97 99 13 77 97 36 97 63 17 37 11 51 87 40 
44 40 47 39 93 8 47 4 48 62 66 66 50 24 33 46 22 82 97 36 59 94 24 56 9 94 46 72 45 33 64 41 25 11 80 19 72 79 75 72 42 93 90 92 17 23 91 40 58 88 76 17 35 52 26 96 46 72 69 91 5 85 32 83 49 65 2 21 44 29 93 86 22 83 31 39 59 22 79 17 62 7 86 49 60 12 46 58 84 67 50 42 52 34 77 1 99 31 74 96 60 19 82 82 55 13 21 14 87 53 83 2 12 21 51 24 34 97 83 70 16 85 64 21 71 41 22 71 72 49 67 84 68 1 66 23 67 40 89 54 45 72 8 57 46 60 34 80 57 69 2 26 54 67 47 25 60 21 48 85 70 67 69 39 69 88 14 36 80 4 42 25 28 51 34 74 63 68 6 20 89 9 98 43 28 45 69 40 67 69 25 37 37 47 28 6 87 43 94 67 47 88 44 27 91 78 2 54 99 8 27 88 17 25 84 97 71 5 38 90 74 15 79 11 14 8 69 1 3 63 20 2 4 64 29 95 95 31 50 46 40 29 34 9 54 70 59 77 75 97 19 50 12 99 13 27 59 83 80 62 98 1 16 54 65 45 50 60 77 52 6 69 33 93 30 87 63 89 17 91 86 36 93 51 87 6 30 46 41 10 60 92 11 76 46 77 74 48 89 51 52 48 72 85 41 2 25 56 44 94 99 82 82 92 33 70 51 63 68 44 26 81 36 37 9 35 66 83 35 8 86 40 56 58 25 49 13 2 57 9 96 57 91 31 1 25 53 4 40 73 49 18 54 37 8 16 24 26 99 60 34 38 52 42 48 77 91 13 32 1 22 80 10 14 11 63 91 16 68 83 90 17 2 96 6 10 12 31 36 64 43 23 2 95 65 2 24 9 16 56 62 38 89 72 52 52 35 95 69 3 79 59 72 81 55 31 43 20 62 79 84 57 54 38 52 20 40 76 81 56 85 43 47 26 15 99 78 2 47 99 58 26 58 30 7 66 61 50 86 75 81 22 32 36 60 36 8 52 13 89 9 50 32 8 76 47 59 6 1 6 6 59 32 16 42 39 82 3 41 20 31 75 42 15 63 54 52 71 7 65 60 68 67 
