21 21
334 571 282 277 106 628 729 113 50 51 -653 -79 -596 -157 867 770 562 -156 -747 734 -48 
-336 -856 788 -85 -72 -170 600 359 -432 78 -751 696 917 527 -641 102 -188 472 -849 863 820 
-371 -733 -338 -948 594 781 -103 404 514 849 -933 216 636 -18 701 -535 -418 -384 33 217 -135 
-714 133 -609 -355 -766 203 -884 943 -377 493 -429 -110 -846 -376 -517 493 78 887 -437 -74 511 
779 -439 -951 36 26 -812 652 617 405 -483 903 -905 -92 -896 887 669 -780 830 -709 271 958 
-262 -18 -862 221 -526 216 -336 -405 -859 -826 931 -741 781 -33 -157 970 -382 -984 -69 135 476 
26 601 580 -530 269 357 -701 117 -373 814 855 610 510 -368 641 -275 296 -765 -576 27 724 
-760 -193 -310 83 -667 308 -344 265 -1000 -869 848 601 711 -683 -574 68 -827 543 252 988 -46 
-139 497 586 -941 779 -119 852 760 465 575 -1000 829 -736 -360 -838 130 297 -16 130 428 -612 
-713 -304 -294 -287 321 -121 813 -428 -577 -234 -9 477 -649 50 256 -211 -99 -428 811 -524 -428 
196 -703 -230 358 427 -934 899 -887 51 -713 -600 747 -7 -330 67 429 -518 197 853 -195 -813 
329 -287 -206 -859 59 252 -286 -131 728 -157 -935 583 613 -20 9 679 -564 123 -713 -277 523 
-967 273 751 -342 -742 -768 855 668 -405 599 -446 308 -608 -305 -633 644 -34 -207 -71 810 -142 
-489 -21 396 77 -785 832 -801 -498 -446 280 -465 384 30 -250 642 -181 -396 310 414 -798 864 
-721 -849 -885 -354 796 82 439 -719 -552 855 -651 427 250 426 199 81 183 701 192 -538 794 
-425 49 -457 774 425 -295 83 -604 -93 -497 -325 -384 -381 -122 -589 701 -684 -751 706 728 -402 
-311 -23 -977 889 615 -237 146 -194 225 -61 -62 831 40 -288 256 745 795 209 -792 -702 884 
-176 -83 -239 -208 -826 -366 -402 437 -638 196 -875 -104 -223 571 -489 540 -283 -126 -678 213 813 
710 810 -476 -478 111 876 731 320 -827 614 701 -353 932 -507 -622 -877 -352 372 -958 845 498 
-62 -822 -375 6 275 -101 438 597 670 250 307 479 774 386 -410 649 117 467 380 -713 167 
584 -781 217 520 900 866 -109 942 267 946 -564 445 -429 0 -281 470 -563 874 139 687 -263 

21 21
-825 17 -878 -235 -778 239 -769 159 84 -45 -257 303 -828 -738 -241 595 -290 -300 -139 -344 -307 
863 227 693 -862 -747 687 -989 393 373 -695 568 947 -572 890 727 224 678 -115 865 -368 185 
167 -196 4 483 956 715 -818 -184 -630 -567 -322 597 683 -183 850 370 -615 -201 -701 -309 924 
-754 -324 370 530 457 47 -586 322 680 157 -955 -960 -840 529 997 875 268 -188 -756 701 48 
398 -59 865 -195 -690 807 161 -391 -503 -358 -588 -270 -989 942 -813 59 914 66 -262 70 111 
-222 230 -361 -226 -338 465 144 -537 -278 749 419 663 170 -777 973 -24 -59 -861 31 583 -892 
761 595 608 505 -347 521 -430 -52 -853 682 283 -66 878 615 596 342 -242 617 622 -494 35 
284 676 -185 -186 -792 756 -47 239 -104 61 0 -510 -332 -496 -300 746 75 648 893 -687 -70 
-173 -810 -456 980 90 -141 596 -289 -78 -370 995 -846 445 -192 -637 -242 318 602 654 937 -842 
701 -839 -337 958 908 295 605 357 608 -909 741 355 -807 721 -556 -391 316 155 532 504 -293 
243 -495 72 606 263 948 -235 -527 884 -77 -827 602 143 -870 509 -563 292 -577 602 -59 -837 
-43 -309 884 401 300 -243 -887 -612 -740 -180 632 -235 449 -206 586 396 559 -942 -164 -961 790 
-562 182 477 504 177 -674 927 -222 267 648 735 515 531 -307 -186 845 -194 -240 -896 183 949 
-573 -812 -258 -988 142 859 628 978 455 -26 973 -807 -992 477 370 -666 -40 -852 158 -393 440 
-328 696 690 43 540 -505 360 202 235 308 629 -19 608 198 -878 23 -618 657 -523 357 630 
-330 365 -337 598 256 623 303 -587 788 -258 -358 40 -568 242 -421 -516 -398 781 277 467 -34 
-743 74 721 -621 654 -897 -965 688 17 665 916 939 885 513 194 65 -185 164 -148 114 806 
892 103 47 -973 588 649 366 -136 116 -669 -322 747 -948 57 -42 713 -351 -355 -714 872 -440 
-776 756 630 418 -180 -556 -862 229 116 944 120 -782 -453 148 806 754 -487 -774 -574 -599 -539 
-828 -990 518 130 723 725 333 -992 596 893 790 351 80 -236 -829 524 -98 400 -361 -155 -923 
-585 393 -218 778 -297 -148 562 129 -190 -978 -142 -179 98 989 -900 -178 -122 667 -583 -673 456 
