182 22
66 81 53 47 51 30 99 60 62 75 20 67 68 15 66 96 78 21 53 7 50 79 
88 51 58 40 69 88 21 43 48 39 76 53 39 27 83 38 88 97 65 60 16 33 
76 82 81 54 55 34 13 6 65 54 9 23 94 79 63 67 74 11 59 50 16 98 
29 51 36 17 48 1 78 65 86 6 99 67 12 55 53 25 13 18 79 22 41 25 
53 56 93 79 20 52 81 36 50 11 88 38 80 36 91 10 53 29 68 53 48 80 
60 1 6 25 19 37 99 12 63 5 68 8 36 88 60 18 77 62 81 17 52 13 
53 43 24 59 24 92 64 72 25 24 25 83 1 96 20 0 60 35 57 28 43 94 
69 3 12 98 17 45 15 69 58 20 64 34 79 88 79 43 12 4 19 89 87 20 
85 59 73 45 95 30 26 38 76 47 94 40 97 11 85 12 33 96 32 49 30 12 
90 61 7 2 65 27 44 4 99 81 16 72 79 11 55 57 49 31 56 95 24 53 
7 9 65 92 5 97 41 88 61 31 49 21 86 67 48 82 23 99 63 39 72 42 
50 79 51 52 62 7 47 86 60 6 48 25 50 5 75 92 93 88 75 95 61 61 
14 9 43 37 61 59 29 85 53 31 64 5 35 78 12 83 17 25 41 65 2 44 
70 29 36 16 18 63 11 79 25 77 41 20 14 2 79 95 87 33 27 3 90 62 
33 2 97 50 27 91 15 82 35 86 11 23 54 29 86 65 61 63 42 54 84 8 
8 15 4 47 0 83 2 90 45 35 45 95 86 24 86 1 6 21 39 18 96 93 
99 82 10 12 98 4 66 34 13 26 49 69 73 2 52 75 44 49 63 89 44 49 
14 82 2 72 55 94 90 51 87 90 86 50 54 84 54 21 18 19 47 19 88 73 
73 92 0 18 94 63 7 90 64 73 73 19 98 28 13 88 32 0 30 18 2 85 
54 57 58 72 76 57 43 17 82 17 9 83 35 3 98 94 46 15 20 19 34 18 
99 47 58 31 99 41 1 2 78 55 59 36 27 87 45 23 4 28 40 14 63 27 
69 13 73 15 28 93 86 62 63 38 9 74 69 61 15 71 63 93 78 74 81 58 
61 78 81 66 6 73 32 21 52 53 35 25 69 63 71 7 78 86 45 39 60 67 
0 75 90 15 20 68 89 53 26 3 84 59 69 42 32 53 64 84 6 99 62 27 
14 33 35 92 19 32 32 80 99 84 7 41 0 80 10 41 85 88 44 69 48 65 
64 32 18 28 69 77 79 31 4 45 64 91 90 35 24 22 67 75 6 27 69 58 
59 79 0 44 19 96 66 19 62 82 52 32 10 21 9 41 52 14 38 68 57 28 
55 33 50 23 61 9 2 30 19 61 61 19 57 80 16 75 0 30 57 4 62 19 
25 72 12 29 38 51 49 47 79 4 81 82 79 94 43 81 24 62 94 85 34 52 
17 2 27 17 32 37 73 46 56 98 70 21 79 60 72 28 8 3 85 41 85 64 
35 80 98 59 43 92 96 29 44 13 31 24 83 63 13 56 9 69 7 80 42 86 
40 14 67 0 18 4 41 55 68 76 36 18 87 31 11 83 60 7 49 91 31 32 
6 44 40 15 66 99 47 8 38 40 75 5 92 45 9 34 0 29 62 36 48 50 
67 11 85 79 18 34 70 2 18 76 98 59 44 16 10 43 25 48 35 52 5 28 
97 14 62 97 96 24 86 96 26 5 7 12 85 77 98 7 79 17 84 30 28 80 
46 38 23 23 87 59 75 92 87 24 59 1 74 7 77 60 3 4 17 62 68 54 
91 66 14 71 83 98 53 11 30 99 2 53 23 89 64 50 33 51 75 44 52 49 
51 30 61 6 86 30 20 54 37 12 20 51 35 4 1 88 67 31 39 69 36 14 
10 1 65 96 4 92 40 9 93 92 91 6 98 77 88 19 31 25 83 3 28 18 
59 81 6 79 64 45 48 1 60 11 54 77 7 58 21 47 67 14 91 58 72 42 
87 60 13 70 38 96 74 18 66 33 0 72 12 64 69 13 17 81 76 71 10 35 
82 31 34 49 45 26 60 17 20 47 30 33 18 68 81 44 86 47 29 38 71 42 
3 92 7 72 74 35 44 84 70 26 68 4 27 65 82 39 35 2 39 65 87 9 
85 68 53 23 67 82 62 90 76 17 83 83 89 9 18 85 93 40 63 13 45 91 
79 79 82 14 82 21 79 21 30 16 42 83 39 9 18 1 0 94 70 35 30 60 
44 0 97 89 41 61 3 38 4 82 17 86 96 51 8 27 73 90 43 67 26 82 
28 44 36 80 38 6 15 20 18 59 21 68 49 14 29 4 52 33 86 21 71 34 
25 31 13 50 22 56 17 48 90 45 44 78 78 34 37 93 55 7 5 28 75 6 
42 4 10 46 89 48 19 13 34 44 44 47 94 18 55 63 18 97 61 62 28 39 
97 65 84 4 24 89 32 0 47 26 56 57 24 98 57 95 11 43 92 7 42 38 
26 49 2 96 47 63 59 27 54 8 44 38 64 68 80 48 20 27 26 77 37 50 
27 94 97 38 90 89 97 32 28 23 82 30 72 81 45 31 8 51 91 52 41 55 
20 21 55 93 49 81 70 38 83 97 84 80 87 74 70 84 7 50 60 89 32 32 
22 29 15 30 80 58 34 21 65 6 95 20 99 96 1 69 34 84 18 18 16 57 
93 86 94 52 88 6 93 20 90 15 49 5 97 81 15 31 3 80 37 98 52 37 
94 53 58 80 89 29 98 5 86 43 44 32 47 32 38 92 5 28 7 54 85 56 
36 0 87 91 32 77 41 84 14 87 89 24 67 30 53 17 88 92 13 32 24 60 
16 63 53 21 91 12 28 77 69 16 29 8 7 62 85 48 98 99 35 40 24 2 
70 29 71 10 21 84 94 98 45 63 13 50 84 4 62 64 33 83 80 15 92 39 
29 77 87 27 29 74 19 5 28 42 34 0 52 8 84 47 58 81 10 71 83 46 
27 98 63 13 81 43 28 25 83 57 3 22 36 84 97 56 89 25 98 75 25 2 
35 62 49 93 95 11 16 79 10 44 77 73 57 10 16 37 36 51 94 91 26 82 
27 23 38 16 0 88 43 78 91 79 40 92 24 87 56 41 66 66 37 95 39 46 
58 7 83 46 11 29 37 37 11 64 12 2 32 12 42 75 90 85 54 82 78 31 
70 86 72 36 52 9 84 43 55 42 50 90 88 13 19 77 50 82 93 62 84 77 
27 27 52 17 64 59 0 42 90 22 80 14 10 32 23 94 27 30 88 30 20 28 
43 39 57 46 21 50 60 58 79 87 37 84 57 1 43 9 96 85 31 76 99 41 
61 74 36 88 4 76 18 76 5 14 15 62 60 88 65 20 98 44 60 35 28 17 
89 23 26 37 60 9 13 59 50 26 85 38 67 41 15 85 17 20 99 84 34 11 
25 99 84 23 96 44 11 76 13 52 0 91 89 60 0 54 72 50 33 9 41 0 
51 56 37 20 28 89 5 62 0 82 14 84 5 62 80 68 38 45 20 90 36 61 
3 88 16 75 91 49 84 32 1 87 88 38 8 68 27 65 82 28 47 48 64 4 
10 97 73 1 42 45 43 31 59 46 19 27 73 62 28 10 94 29 97 34 67 5 
2 95 70 85 75 17 85 91 22 96 88 47 49 83 44 92 14 3 39 85 30 64 
48 58 74 94 87 72 29 7 29 83 54 52 20 29 21 6 72 95 54 61 42 3 
44 39 47 10 42 86 47 73 3 95 83 77 90 23 49 71 30 31 54 84 83 75 
65 56 81 37 52 35 98 94 38 94 85 85 56 28 24 4 53 27 51 36 56 93 
59 58 64 89 89 19 25 24 94 90 80 27 28 32 62 78 79 52 25 64 89 33 
92 65 37 97 44 41 34 1 34 45 59 51 87 0 70 12 24 16 55 4 43 35 
89 57 65 68 9 90 84 50 24 29 16 13 26 60 6 12 13 93 58 24 44 45 
24 14 57 48 82 64 5 25 99 46 82 65 66 43 7 50 93 31 31 9 97 58 
22 55 70 35 48 28 60 92 25 36 58 35 37 40 99 42 65 99 40 99 16 6 
94 23 8 88 55 40 49 4 98 71 11 20 59 60 1 71 52 26 59 11 13 96 
51 13 90 69 64 30 20 80 36 15 3 45 3 10 85 4 66 35 28 78 55 87 
38 8 10 90 87 69 53 0 66 5 13 56 26 77 39 46 9 75 61 13 72 16 
23 9 21 90 44 49 68 52 88 58 12 50 48 99 71 54 0 37 11 65 46 37 
95 37 35 4 64 49 17 37 17 93 46 38 83 43 39 3 95 79 61 7 29 61 
59 1 67 59 90 78 24 88 67 19 25 3 76 90 4 93 79 21 38 77 12 73 
20 3 76 67 83 89 27 64 3 86 65 70 45 8 1 21 48 68 93 26 23 69 
16 27 14 47 1 53 24 13 78 45 16 7 12 51 48 91 16 51 77 33 74 74 
41 27 96 90 47 41 16 71 62 84 50 28 83 51 33 7 16 12 4 85 19 69 
36 67 60 4 71 38 38 97 12 79 24 60 21 71 53 89 94 15 25 45 44 8 
48 29 68 17 41 72 54 60 41 90 80 2 47 51 92 85 48 56 64 24 69 38 
95 22 79 90 90 5 87 34 13 87 63 33 4 57 6 58 69 99 1 49 53 48 
52 45 85 52 2 49 76 71 39 24 45 19 66 35 24 5 21 89 92 37 23 49 
94 81 59 63 80 12 13 34 60 17 31 45 70 85 47 98 8 38 22 54 57 40 
89 33 45 11 75 90 48 50 39 94 83 98 57 63 11 22 49 23 40 81 21 62 
66 20 60 75 58 35 81 68 27 70 53 73 33 80 63 33 30 54 27 65 52 37 
29 15 59 30 39 51 11 60 65 30 80 78 57 90 13 38 58 92 60 64 65 94 
44 80 79 27 34 59 92 39 96 73 54 7 4 93 11 67 5 76 97 37 54 6 
80 19 44 90 12 5 54 29 51 99 62 30 78 96 41 70 35 37 44 42 97 48 
87 8 67 93 36 65 82 43 71 62 14 68 53 26 73 7 8 24 58 70 6 36 
18 48 59 6 37 3 48 86 3 35 46 70 80 83 87 63 78 11 77 92 79 30 
71 4 90 79 80 0 1 38 89 19 86 48 25 76 3 73 62 6 61 61 28 41 
44 68 56 74 79 34 66 58 16 37 14 58 68 94 11 69 32 52 41 71 52 66 
47 55 92 61 13 53 22 93 46 18 61 55 92 40 41 11 50 9 48 64 68 69 
10 31 38 43 83 79 14 87 98 13 42 90 26 7 95 1 0 93 71 62 48 64 
54 89 75 5 99 75 21 19 44 32 2 35 75 37 66 41 24 64 6 66 6 32 
73 53 85 25 47 57 87 95 21 42 37 48 99 36 75 20 7 72 52 9 59 79 
46 25 20 70 42 26 88 0 11 13 54 96 38 53 53 26 0 26 20 37 26 19 
25 54 39 84 78 92 93 37 71 91 14 44 61 56 22 1 9 33 14 15 82 53 
68 87 79 68 66 99 58 44 70 83 98 9 68 76 53 13 65 25 5 80 21 18 
88 43 20 97 29 34 64 63 87 32 50 18 1 68 69 11 65 39 94 63 49 14 
92 2 28 9 79 85 89 0 3 30 96 75 79 25 10 44 40 49 76 42 68 29 
11 89 40 76 29 87 91 78 1 35 32 81 45 12 18 86 64 74 16 60 49 96 
37 11 40 77 61 16 20 81 98 83 70 38 11 99 77 54 29 79 90 14 12 87 
26 83 73 42 57 90 55 58 86 44 70 78 74 83 46 46 64 44 29 86 35 92 
86 12 46 67 43 36 81 8 23 59 91 97 54 0 39 9 58 77 53 28 55 79 
11 1 25 27 98 6 14 33 98 52 45 45 71 41 33 53 49 9 64 40 58 18 
40 97 27 98 74 33 79 81 12 42 34 38 70 32 44 36 17 95 88 63 40 59 
56 25 64 5 34 29 45 92 47 37 89 27 87 15 12 66 96 24 9 83 14 31 
15 11 67 85 6 7 0 98 66 56 23 83 61 58 12 58 50 11 95 92 90 82 
7 2 1 56 79 62 91 93 93 6 56 12 43 14 19 43 12 37 99 88 20 60 
46 32 18 48 96 65 92 86 48 52 89 1 60 68 63 51 13 8 9 22 20 53 
36 39 96 49 76 96 89 49 56 87 33 27 35 29 92 80 16 92 32 57 93 92 
25 56 43 90 16 4 12 36 57 49 27 54 50 56 2 39 5 58 78 38 37 13 
68 30 93 36 22 77 93 16 69 70 24 64 60 41 69 25 29 26 74 57 32 76 
13 34 67 70 45 45 8 82 10 28 12 56 64 35 33 9 3 3 79 27 19 92 
20 88 17 50 67 91 59 51 19 24 86 86 94 83 83 54 65 93 83 30 49 99 
17 83 9 20 38 40 99 9 32 20 50 49 22 17 92 33 68 11 57 6 49 3 
89 32 57 7 78 92 37 27 44 54 62 53 26 52 45 25 14 78 97 64 79 71 
81 72 4 1 35 61 8 37 64 49 21 74 56 99 66 45 79 10 51 93 15 77 
98 61 55 12 91 4 76 70 76 9 94 32 10 30 46 70 19 62 72 40 36 80 
40 55 78 71 17 29 64 85 59 14 46 14 26 89 70 54 59 98 63 6 31 26 
36 77 48 55 39 72 47 28 53 39 83 31 10 52 12 27 37 71 41 35 37 20 
24 8 26 36 58 90 42 89 68 30 18 68 37 10 41 84 38 46 24 73 29 86 
25 93 13 63 65 7 98 54 79 75 14 5 11 73 47 5 14 67 35 33 88 72 
43 29 56 33 27 32 6 8 19 31 1 84 46 18 91 97 73 22 24 87 80 35 
12 27 40 27 47 27 60 35 99 55 16 55 88 95 40 46 3 59 29 56 43 76 
75 87 25 48 9 49 87 89 36 0 69 28 79 68 55 91 3 54 46 71 61 86 
66 1 32 69 60 61 25 56 89 52 43 66 0 4 15 40 46 51 92 15 79 71 
83 34 62 38 40 60 9 2 46 27 55 30 96 16 43 73 24 33 26 67 51 78 
71 67 18 17 70 62 84 2 33 19 88 47 9 29 59 70 83 57 97 38 87 93 
6 31 19 30 16 97 49 67 75 73 86 46 42 9 60 27 63 94 98 51 93 8 
32 53 78 67 10 76 58 50 21 64 33 92 47 1 89 48 68 17 21 7 15 64 
68 75 43 31 21 41 82 15 1 67 20 80 34 30 8 92 32 81 9 65 74 8 
66 15 56 87 84 78 46 99 42 14 75 85 45 48 78 79 63 80 46 35 12 33 
18 72 77 50 53 38 16 79 46 34 47 3 21 31 81 67 83 75 33 10 12 78 
58 90 58 74 70 56 9 34 41 27 6 19 30 60 57 98 91 4 32 38 59 6 
22 40 25 5 67 59 15 79 37 73 21 47 99 92 56 9 26 97 88 85 68 70 
45 26 68 88 82 53 79 41 59 1 33 36 6 0 95 73 31 85 98 52 84 98 
96 40 59 75 38 99 60 58 70 57 84 38 45 18 91 24 11 2 77 44 39 35 
96 86 8 79 71 7 32 56 5 28 48 16 55 38 15 15 97 85 72 33 24 70 
52 67 46 63 22 24 60 13 59 56 99 20 36 23 27 20 79 84 0 79 0 56 
18 15 23 15 1 48 48 77 18 52 96 16 68 70 92 28 83 52 36 35 72 24 
58 51 44 89 35 97 68 87 53 86 2 76 53 55 24 2 84 94 6 33 11 74 
3 55 54 87 7 91 74 31 67 32 34 64 21 21 61 89 8 66 76 63 94 81 
18 71 35 55 65 42 88 28 68 91 84 23 30 43 66 4 27 33 36 13 49 9 
35 10 99 43 28 27 6 23 8 77 46 96 32 63 38 72 92 6 63 28 81 46 
23 47 50 2 33 39 16 34 48 51 97 99 46 25 78 5 0 39 82 46 35 66 
10 25 38 54 31 53 34 65 99 57 64 2 12 49 41 28 84 41 31 81 93 77 
6 71 82 7 62 16 5 97 34 15 74 72 69 6 78 3 23 77 13 87 79 25 
37 72 5 73 14 88 54 7 65 12 30 0 71 45 68 77 94 3 92 69 27 14 
27 5 69 50 35 34 89 14 11 26 87 16 99 53 4 5 12 22 18 94 74 89 
39 42 66 34 97 11 3 25 77 82 82 46 32 17 81 21 84 44 0 71 61 51 
24 17 57 36 91 75 30 65 16 22 8 83 56 5 46 11 82 23 93 17 21 77 
34 54 50 18 99 50 41 12 54 17 29 11 53 21 38 36 86 6 58 46 41 66 
4 87 29 38 62 74 55 84 51 42 90 1 12 89 4 54 1 58 71 83 21 77 
4 11 65 42 17 75 41 59 41 97 98 22 35 61 96 43 97 99 85 87 0 49 
77 56 3 30 14 27 13 87 4 69 98 69 64 68 44 5 79 37 54 77 11 41 
38 7 84 87 6 21 75 58 71 4 67 26 34 33 53 48 21 57 69 71 78 33 
91 74 90 70 63 44 48 74 86 38 33 22 26 91 44 1 50 67 5 17 93 91 
50 47 39 23 56 61 95 87 94 86 13 37 9 77 33 57 3 19 47 37 94 73 
28 38 26 30 5 83 99 50 75 2 97 66 25 6 79 72 93 74 11 6 63 20 
35 96 29 39 68 76 28 62 2 56 52 80 39 9 64 38 59 91 92 9 9 18 
15 89 42 8 15 5 66 78 77 2 74 6 93 42 35 21 56 37 29 8 17 68 
17 33 59 77 76 51 86 38 21 53 27 64 61 42 69 79 72 47 33 98 5 26 
41 40 47 97 29 29 58 99 97 75 32 56 4 61 8 42 99 29 95 78 45 8 
72 67 88 44 66 73 42 71 0 35 64 99 85 93 28 43 92 26 18 77 34 23 
38 94 17 89 76 13 67 21 21 39 40 61 83 6 35 77 78 87 13 42 86 98 
35 67 41 80 45 11 57 79 86 47 26 4 88 2 17 55 75 90 94 16 4 29 
22 39 6 52 26 71 94 64 69 82 31 62 14 76 74 23 8 12 70 34 16 10 

22 60
36 85 65 11 76 11 79 32 40 2 71 98 6 49 70 53 13 91 87 97 6 1 73 80 24 81 92 46 67 61 56 3 46 73 67 74 84 46 6 24 0 29 74 7 78 44 12 44 88 99 41 94 0 66 26 76 0 70 22 67 
31 30 23 30 3 90 4 87 88 63 63 41 92 37 0 23 34 12 19 22 11 12 68 63 78 94 39 30 64 13 98 96 95 73 26 98 63 82 37 3 45 52 96 38 41 48 13 75 60 32 49 23 44 17 86 74 11 77 5 28 
90 55 24 37 28 2 35 43 84 24 46 82 28 95 72 70 43 85 45 56 69 47 79 13 16 18 87 28 47 92 8 90 47 32 27 27 86 15 70 22 39 69 4 68 64 76 90 59 13 87 15 82 34 47 95 51 65 35 31 12 
79 39 2 79 23 30 6 61 97 77 83 36 46 88 56 62 16 98 21 30 86 37 64 72 84 12 75 1 47 6 65 26 97 68 5 72 50 64 33 99 41 17 87 39 57 96 1 73 94 74 55 80 63 20 5 47 84 80 0 31 
39 66 9 36 86 67 61 88 31 94 87 24 63 74 63 20 70 16 46 65 90 53 97 54 25 2 53 9 83 54 40 22 20 2 10 6 69 71 94 0 18 81 24 81 7 39 54 78 55 0 43 97 53 40 3 79 95 57 88 78 
63 81 52 83 83 62 41 4 34 87 4 52 20 80 85 27 19 39 57 26 91 0 23 45 93 27 76 88 36 16 18 99 97 70 34 32 32 27 36 18 66 92 22 86 24 8 65 43 99 23 21 91 75 45 88 20 24 64 8 12 
80 78 63 30 48 97 14 33 24 3 51 42 47 26 28 72 86 45 67 85 68 89 28 96 86 16 16 62 32 77 74 65 55 37 47 4 86 13 89 62 16 92 4 16 18 84 88 56 29 55 94 50 96 22 46 82 91 62 44 23 
39 70 40 47 59 87 3 45 1 92 7 69 84 63 85 55 47 25 11 77 81 5 79 29 28 25 12 71 39 8 94 31 79 87 78 38 74 33 84 27 25 43 49 9 59 34 16 6 60 28 35 93 33 14 22 13 91 86 36 83 
95 31 14 74 70 44 64 44 77 0 24 54 96 73 15 55 59 32 61 71 60 97 64 45 63 39 11 55 77 47 38 72 30 4 98 0 0 15 97 29 15 21 83 11 46 98 66 5 82 80 77 42 29 41 40 92 32 3 99 62 
50 89 34 33 45 85 33 45 0 82 26 67 3 9 79 49 60 97 55 42 77 32 37 58 25 77 51 10 80 2 72 82 92 58 15 89 95 1 87 47 83 13 15 87 23 94 88 35 43 95 77 21 79 14 79 57 43 82 19 75 
37 43 10 29 53 25 70 49 26 57 96 10 71 11 49 46 57 89 81 1 37 10 74 16 77 5 25 20 88 44 48 25 87 58 6 41 35 28 42 62 86 38 24 57 2 25 3 11 66 84 12 3 46 38 72 23 44 97 44 84 
94 44 61 81 54 19 74 89 47 16 3 33 7 27 90 9 4 45 20 71 81 85 26 28 23 98 51 19 48 47 3 42 91 16 75 97 35 50 87 83 66 90 68 73 70 59 34 26 56 7 49 38 92 76 66 67 26 69 87 74 
17 42 68 60 59 44 58 94 46 97 29 64 87 98 38 9 9 24 36 65 31 85 55 75 13 73 95 40 43 82 66 12 76 35 24 35 31 34 82 77 31 11 93 71 61 83 32 22 8 20 88 91 6 95 67 71 69 14 11 64 
96 30 28 24 17 52 60 48 39 94 77 22 57 70 93 19 54 78 93 14 98 81 5 56 29 24 28 98 38 39 14 86 69 42 63 86 46 23 86 85 69 15 8 26 38 53 97 44 31 91 58 30 24 15 86 53 92 66 3 82 
6 17 21 27 11 84 66 58 59 4 43 28 72 3 6 10 57 4 6 40 47 64 22 23 31 61 77 23 27 32 58 85 2 79 13 13 63 31 23 22 87 19 2 59 22 8 69 31 64 75 72 11 91 46 35 75 7 64 50 35 
48 8 20 50 87 85 16 2 68 39 24 56 58 26 15 81 87 37 64 51 64 88 63 56 35 50 83 42 66 33 29 14 42 2 65 29 39 81 32 8 72 8 16 31 87 31 64 74 20 28 25 85 69 40 93 4 42 76 98 8 
9 28 75 51 30 92 33 69 25 17 29 97 77 45 28 64 77 44 90 49 25 16 34 94 8 27 98 3 3 96 63 65 76 38 16 6 82 1 28 7 70 57 5 48 3 85 12 32 82 3 81 7 71 16 1 31 95 51 86 51 
99 50 16 76 40 84 34 23 38 62 82 8 72 39 56 75 77 21 7 59 76 88 66 99 56 19 30 52 22 69 55 21 19 23 49 59 7 36 34 97 50 17 6 22 56 62 49 33 35 8 92 11 49 10 10 5 81 93 9 3 
62 64 77 33 39 78 44 47 66 79 44 17 48 2 91 4 17 41 90 52 49 34 64 50 97 26 56 78 71 17 82 85 34 11 18 73 89 63 72 8 94 69 25 42 71 68 98 88 61 88 41 63 75 57 13 72 35 69 50 7 
39 84 92 73 47 63 46 89 78 19 97 72 88 22 14 11 42 12 0 4 53 93 67 28 2 80 0 37 2 2 96 41 87 41 14 34 4 12 23 82 83 72 6 71 94 20 35 89 84 35 93 37 28 60 65 82 92 17 19 46 
20 16 87 59 57 53 45 13 66 21 95 49 93 53 73 40 73 8 29 57 95 22 47 75 34 64 57 78 82 76 25 54 44 12 13 1 66 58 66 84 79 13 85 25 66 58 65 91 18 94 1 13 16 48 40 2 12 97 80 46 
26 5 0 70 70 65 24 36 24 90 72 55 56 57 80 22 68 45 14 38 91 15 4 59 15 44 61 27 94 42 26 20 99 26 42 69 44 66 57 68 9 29 75 65 39 8 39 59 5 53 97 97 20 53 56 35 98 70 15 92 
