17 44
3 43 6 69 35 43 74 29 22 2 65 72 32 74 61 77 12 93 78 81 13 88 9 23 70 18 37 47 34 31 80 89 74 39 11 9 34 37 90 56 39 55 80 72 
30 94 1 94 87 31 76 0 19 37 75 42 7 64 89 94 95 22 35 21 61 98 82 95 36 73 4 27 80 36 51 10 30 52 57 17 84 85 69 55 74 96 97 33 
61 39 27 8 61 15 30 74 13 64 21 1 37 25 29 18 62 32 80 44 85 89 62 21 74 83 76 0 80 74 34 41 65 13 49 26 28 31 52 94 96 73 95 85 
99 76 3 13 61 36 57 46 25 71 67 52 55 95 52 35 21 86 28 86 52 29 12 80 61 16 74 9 90 22 94 41 50 50 6 11 86 63 9 63 87 28 15 94 
24 20 29 97 58 9 84 10 38 48 91 51 65 17 12 55 91 59 96 94 9 2 57 47 17 67 62 56 47 30 50 23 50 31 21 8 40 5 19 31 53 62 82 18 
31 47 25 23 6 73 69 67 27 26 14 45 45 28 1 93 58 52 16 8 83 89 17 76 94 88 7 0 50 41 18 81 40 96 56 46 69 25 13 97 4 79 94 49 
8 47 94 18 51 63 27 87 52 96 63 47 84 22 47 86 15 17 19 56 65 28 54 35 5 68 84 9 99 78 59 59 77 5 78 29 68 5 68 21 53 83 20 89 
57 67 27 72 36 46 80 2 26 35 89 32 55 73 41 54 3 52 14 80 58 44 61 78 1 81 99 54 64 19 95 21 38 22 46 75 20 26 29 47 61 18 79 16 
43 72 23 46 77 89 78 87 33 92 65 86 73 65 40 90 36 87 11 75 9 57 2 29 36 83 28 97 53 59 66 96 32 41 94 9 30 24 96 15 16 13 1 42 
78 93 84 15 80 47 42 41 5 96 22 93 79 51 90 32 10 8 80 94 49 74 55 31 98 3 98 67 17 51 61 95 44 45 62 76 92 56 17 49 52 40 42 83 
43 85 15 53 45 95 48 47 21 55 30 72 59 29 39 76 80 52 23 77 49 86 53 41 94 23 43 99 15 37 82 58 74 98 63 72 45 63 19 19 19 49 91 78 
78 30 54 11 34 77 88 83 15 93 76 10 16 19 61 83 9 43 93 35 93 57 7 39 72 26 58 91 28 1 21 58 31 75 69 65 5 9 0 72 3 76 34 71 
96 95 7 57 39 0 92 32 9 0 23 82 78 33 73 6 34 95 65 17 22 86 34 79 96 34 4 51 11 38 22 59 34 81 68 25 82 60 9 91 12 85 73 91 
70 99 97 5 94 14 74 68 1 61 0 49 95 4 0 58 42 74 17 28 56 85 5 38 98 15 81 10 0 55 1 22 54 51 27 0 17 54 20 70 15 20 19 62 
76 71 21 71 46 90 99 54 28 57 44 26 72 25 88 24 32 42 46 38 93 26 90 62 32 11 33 47 83 52 9 12 24 82 83 22 73 82 28 1 39 72 27 63 
49 67 39 82 9 86 72 54 64 63 17 96 26 50 95 61 54 4 73 30 87 56 4 12 39 32 13 30 4 92 46 6 59 85 40 69 23 12 75 87 75 92 35 1 
42 30 63 49 87 36 79 26 45 84 38 84 16 3 66 73 95 12 79 6 50 19 27 73 31 3 13 59 47 48 12 90 31 27 39 70 16 70 96 61 54 86 97 23 

44 34
89 63 96 36 28 27 94 78 46 22 3 29 77 16 40 24 17 53 66 0 80 57 70 48 28 66 9 82 4 6 57 93 22 53 
81 2 80 75 32 78 49 35 60 26 4 0 51 73 5 17 73 38 75 43 86 55 9 48 37 65 54 47 58 28 0 91 30 33 
66 14 63 68 2 23 94 6 76 45 79 33 15 4 23 42 47 10 97 8 10 86 73 16 33 83 45 86 74 27 19 92 94 82 
60 96 58 55 2 86 52 33 19 19 37 43 61 36 5 10 44 15 97 17 83 30 52 28 16 26 8 87 18 2 70 31 50 80 
38 52 66 90 37 37 62 26 80 23 14 37 34 58 4 83 27 88 65 79 68 34 57 28 21 27 82 43 58 32 23 96 36 89 
39 73 79 1 51 59 24 17 49 10 75 53 93 54 93 59 85 14 93 42 42 66 70 25 10 28 57 33 77 94 75 16 19 54 
17 23 65 93 40 66 4 68 72 49 74 65 8 60 79 53 54 74 20 24 99 82 5 8 15 82 2 42 50 74 48 67 49 66 
60 89 32 16 9 4 66 84 22 26 44 53 32 98 27 52 75 78 34 32 87 1 14 41 96 16 15 96 83 64 62 95 6 47 
12 15 51 30 99 25 56 95 79 40 46 58 92 21 37 78 53 76 32 19 17 28 35 85 76 70 49 39 17 7 86 81 23 89 
11 74 67 20 70 98 60 68 56 5 89 45 35 94 21 67 65 91 47 52 76 24 74 77 15 91 85 1 25 60 42 88 34 9 
60 56 59 21 24 16 78 65 13 65 11 87 33 76 78 32 28 54 8 2 31 23 46 68 76 71 28 71 59 63 32 72 71 92 
93 48 8 23 13 73 88 25 60 73 53 90 58 82 44 66 36 28 90 34 48 18 57 77 89 69 92 22 41 63 14 86 11 74 
61 77 99 49 2 60 75 55 50 33 89 47 99 78 27 41 64 75 12 22 4 1 91 96 75 84 12 89 70 75 15 31 52 15 
32 6 27 7 14 29 40 55 28 92 85 55 85 50 83 97 72 87 99 15 36 26 99 0 16 69 75 83 52 80 98 84 38 77 
92 4 7 84 12 35 28 97 91 14 47 26 11 71 65 62 38 1 89 37 53 57 58 29 40 10 61 91 95 51 68 39 8 75 
75 20 63 4 69 54 18 69 32 81 92 97 96 31 51 85 68 4 94 79 85 34 89 46 77 36 50 46 27 10 73 3 30 36 
59 51 42 77 72 74 10 65 24 6 96 75 43 16 79 37 95 65 24 37 63 1 73 65 99 53 75 25 56 57 61 15 61 56 
44 33 82 6 98 6 13 94 81 56 63 13 46 58 30 70 95 45 23 21 11 23 74 86 48 82 96 61 49 57 17 45 90 0 
51 89 58 16 35 40 73 98 5 71 9 35 41 56 80 16 77 43 39 3 82 39 37 78 1 86 35 70 83 77 70 35 18 29 
51 54 21 76 4 78 47 65 65 40 22 45 57 51 41 48 55 23 88 92 1 41 31 88 11 14 65 34 1 36 15 53 90 88 
81 46 66 81 12 31 21 34 28 30 85 69 79 92 44 19 37 45 12 20 85 23 34 3 9 36 39 24 41 81 12 74 27 30 
55 91 13 29 77 94 59 15 15 90 7 60 61 96 57 73 16 43 49 3 98 58 91 37 35 32 70 99 6 49 30 14 41 95 
43 70 89 54 85 57 97 45 17 10 41 26 84 58 69 33 13 19 43 4 8 78 88 78 78 46 28 8 60 21 55 55 91 45 
10 77 54 59 22 71 69 15 97 53 25 19 38 38 38 82 42 99 12 30 77 90 29 5 50 89 78 6 97 70 3 7 47 57 
18 21 80 87 36 77 93 62 48 83 0 39 17 95 38 30 77 67 20 6 73 23 48 51 29 45 73 84 4 72 41 74 93 73 
13 30 50 6 44 51 42 96 42 59 43 32 41 73 99 14 79 72 37 79 76 18 76 1 2 32 74 95 6 67 68 20 49 70 
78 45 73 20 42 15 32 85 47 73 10 47 87 90 71 76 21 99 94 50 1 96 82 75 43 41 42 11 13 44 82 91 89 7 
64 83 23 96 21 70 21 31 69 9 73 41 85 95 40 32 97 93 80 31 68 24 72 63 35 85 7 69 29 48 77 45 32 52 
93 53 74 14 84 44 75 58 37 13 5 29 45 2 23 25 33 43 49 58 6 37 95 65 58 76 14 87 21 98 39 14 51 14 
29 87 58 4 97 95 17 54 24 62 56 99 40 42 43 89 52 1 78 47 67 37 24 33 24 97 31 16 12 34 30 93 73 40 
97 71 87 67 25 63 81 34 63 21 28 58 63 80 59 93 79 26 30 55 11 7 53 94 23 65 28 5 58 54 45 7 77 84 
26 54 47 60 88 62 33 68 20 96 0 80 42 80 58 24 35 70 31 88 64 6 5 45 63 15 99 60 23 76 44 1 30 44 
61 71 6 95 91 27 43 92 59 85 72 17 10 59 87 93 0 4 0 5 49 15 21 0 76 96 76 20 97 58 16 11 81 23 
6 73 2 49 65 61 87 89 30 97 48 70 90 0 74 42 6 75 10 79 75 86 75 51 58 24 61 75 35 43 50 93 68 52 
43 33 65 82 74 95 31 74 65 73 75 91 16 81 66 78 60 41 64 87 44 74 11 58 49 99 1 99 92 69 3 87 54 68 
69 28 16 0 54 33 74 29 25 42 62 91 20 74 85 36 61 29 10 73 87 60 24 40 11 16 61 67 4 15 35 73 95 3 
26 50 37 0 31 62 42 94 5 14 68 90 50 30 72 60 55 11 72 79 4 36 95 65 3 99 33 90 25 80 94 51 82 31 
3 14 45 97 8 2 11 76 45 13 58 69 73 13 80 98 44 36 34 40 54 37 91 39 27 68 19 73 19 2 56 22 68 1 
71 76 4 82 4 49 95 63 18 21 76 50 71 73 39 5 65 93 94 56 32 73 77 3 47 96 57 3 71 25 57 94 1 13 
77 6 14 24 21 32 97 49 34 68 22 73 25 87 18 19 96 2 45 73 6 44 21 15 47 44 41 56 39 94 69 68 52 83 
92 73 67 90 23 54 58 97 79 84 85 98 55 33 0 0 6 58 44 79 74 44 24 67 0 63 61 22 83 66 5 75 91 25 
65 66 79 76 64 58 12 1 56 67 34 9 20 92 19 16 71 93 60 47 12 13 62 26 35 45 92 92 21 35 17 38 2 96 
66 66 55 78 19 63 98 5 24 70 97 44 86 20 89 99 68 2 64 30 28 99 76 72 43 49 7 61 87 9 9 6 27 16 
36 46 80 86 51 4 56 0 48 95 21 38 94 89 92 58 71 20 9 47 44 52 48 51 65 36 13 75 94 40 91 30 39 23 
