37 37
55 -752 485 448 -847 -840 913 401 147 -917 389 -629 -127 -1000 505 -120 475 404 -907 272 412 726 503 -168 612 -469 498 708 637 916 -368 -308 -836 -884 697 875 834 
609 -168 -20 693 -780 -91 -435 778 -587 446 252 817 96 -477 228 -179 583 617 990 -887 -328 698 308 -413 887 557 -692 561 253 -818 394 -138 -428 -626 -446 -208 283 
-324 -873 253 679 379 70 -225 460 855 153 42 472 143 -287 -857 -603 -980 -713 -717 577 -404 844 -171 -665 -205 248 -93 169 359 257 -992 -965 384 261 271 -681 888 
603 779 300 -244 -622 -229 456 91 -529 853 111 -685 693 -756 -532 94 -370 -196 889 879 268 57 237 -919 -378 -171 22 440 -900 -101 -115 703 -323 -816 -542 55 -488 
471 703 -460 323 -187 -145 16 -386 324 667 245 685 555 123 -491 -832 917 -409 -210 -254 170 787 -154 -932 -329 -452 -697 -588 -436 -85 -76 -966 -382 464 -85 -12 877 
488 603 200 154 -596 -116 -292 527 -50 -124 443 98 223 746 -732 9 -409 894 238 -303 -804 207 -182 112 -869 -148 730 152 767 -726 28 -189 877 785 965 -720 -775 
-328 364 176 548 -636 -727 -673 -891 -459 337 -742 -565 -869 -45 -812 338 773 300 26 -819 -414 736 506 -139 -680 -684 -706 -895 -719 -868 -670 -490 496 506 616 417 337 
943 527 878 -164 342 870 -476 -704 616 863 626 -85 -555 364 59 738 -131 477 -942 -257 328 721 24 460 -950 91 -487 114 -294 930 -550 -794 13 885 42 -646 312 
567 -793 -73 -14 390 399 -12 -246 -986 -274 180 491 -216 923 -181 -496 -497 836 -889 595 -652 -218 858 -722 -211 -937 -152 -769 -337 203 543 787 -33 -974 -671 -643 -18 
317 -332 -446 -958 848 602 -617 771 978 -556 -727 814 -887 425 -839 -105 283 997 242 -97 -155 473 566 605 -428 352 -872 -845 238 -515 -306 -445 -290 248 -846 -442 -150 
-905 886 -173 -904 716 -360 -791 141 -641 -338 981 913 904 -117 -686 -67 -994 919 62 -85 -953 217 -847 -911 911 -735 -200 159 -581 -85 566 -929 -200 -608 -832 -928 -410 
935 -230 -494 -404 -250 -582 -944 191 -267 -454 -246 -792 608 669 813 -176 379 460 -708 644 -741 8 -937 -269 -427 692 88 -35 860 160 112 795 488 618 948 -763 -964 
-996 -15 -674 -450 739 -466 -842 -35 905 -461 -657 364 -612 988 180 396 608 911 969 -144 -2 -509 -284 715 603 -490 202 -222 -986 -3 -186 -982 539 -303 -874 -165 231 
842 800 135 938 700 -945 -674 244 235 722 -592 145 248 265 700 296 538 -28 -545 605 -827 233 619 -273 604 638 -734 -700 321 101 89 162 -543 781 99 714 837 
425 -42 71 -296 -77 774 509 -813 473 -196 725 -556 -184 329 -825 607 -52 -541 210 -858 -275 68 463 383 -844 -376 397 494 280 111 330 -295 626 -599 -34 -452 732 
-526 -264 204 -165 -983 206 208 -96 -62 -186 852 397 582 551 680 -351 13 -381 -638 194 -984 413 -527 127 -257 -265 -691 -299 258 -143 -568 289 150 193 681 168 956 
-111 -929 -550 703 480 848 -159 -413 84 47 600 703 -34 -650 276 -621 -620 960 122 116 -732 380 -627 126 812 220 -725 -439 -100 0 -483 789 -372 -33 49 -893 -629 
890 -306 455 -506 851 -285 460 758 991 839 -862 951 -483 -189 776 454 -259 -99 265 961 -266 384 -139 734 901 -351 -638 -576 255 -974 -204 145 -722 808 196 -872 -478 
-345 444 -930 -949 582 578 -875 -608 353 580 -310 812 -599 -349 -455 785 512 -722 242 -840 -803 667 416 -776 -538 -883 -498 827 -130 -813 907 525 188 977 133 -231 111 
259 -282 -980 -605 409 832 -204 -941 -624 -419 128 -788 823 288 -591 46 -740 -810 65 935 -751 -108 -196 995 -202 887 182 -669 -424 509 -1 835 784 19 -771 -251 -149 
-417 -635 -216 -279 493 -4 -457 -662 -37 147 -402 -290 -789 -910 -40 103 -549 -489 458 895 693 346 -529 -242 -656 -695 -458 364 -908 291 772 -768 657 -445 -47 149 109 
53 487 -929 -801 643 -662 -589 290 298 71 741 809 -471 636 59 875 664 817 777 969 -642 -303 618 207 -532 850 -137 -420 -198 569 689 413 -387 317 612 -745 656 
-978 102 -47 94 -158 -681 180 -966 -65 -389 698 -249 -613 224 -333 -359 -602 431 -334 806 -707 247 -836 419 -65 577 -969 -748 189 -714 465 -232 388 975 419 788 -707 
-402 379 -215 -233 -366 94 -289 415 761 353 370 191 -982 175 41 -178 -103 -541 758 -527 -509 567 219 -666 31 988 280 5 406 -376 -144 562 560 641 -672 -807 -709 
39 165 609 949 -465 -644 968 267 397 -211 -837 414 -897 -363 462 227 856 353 815 400 -811 -180 -194 -187 233 -633 -627 -570 -748 -877 -278 -152 289 -670 -203 381 -313 
-679 -353 641 -333 -189 -389 -229 5 -928 555 -140 -17 370 -740 172 747 -377 986 -21 -453 916 -34 -201 -962 245 204 327 133 -1000 -736 820 -679 -88 17 -454 280 629 
-126 -716 258 -572 -299 -760 798 -482 413 101 141 -45 637 245 -130 -397 -957 -92 848 -195 793 -20 -195 -944 -644 -316 -475 -69 230 805 -441 -897 -912 374 -912 -210 615 
444 308 -416 -456 -994 539 -819 251 -592 -216 -148 -127 -812 657 -778 -274 -539 -721 -361 -298 -196 570 489 -834 686 592 -746 60 238 -399 -769 -319 910 -185 -218 916 911 
-37 166 -682 304 -983 -252 50 231 -29 776 693 -193 -586 952 168 542 441 334 227 -411 589 -714 827 747 -483 -936 656 -111 -153 128 -201 367 852 -326 -329 869 423 
278 -343 951 53 -651 -243 24 858 925 -435 298 259 350 888 -596 636 271 -850 711 -107 364 -844 740 -509 -487 106 -658 187 334 769 -834 -389 -575 674 221 -669 -570 
803 746 913 925 44 171 274 -512 132 -90 316 -161 -823 -792 760 -667 505 -749 -154 -389 -850 591 502 476 314 671 458 -12 -109 346 -25 -307 92 -113 -382 693 615 
892 -820 -254 -642 53 143 -908 262 -98 984 -234 -290 -614 -66 -582 977 -564 894 -152 664 -91 836 -446 -746 -190 -195 -97 698 -20 -405 312 -572 -668 616 -656 -57 -685 
-564 -796 217 -581 -473 485 -194 462 903 -661 455 353 187 -325 -739 -421 229 -927 -53 591 -24 -799 -873 129 70 -887 18 -315 -543 961 -443 -550 722 775 -130 -751 -184 
233 268 -282 129 -721 -930 874 -46 890 -548 740 963 399 -112 -505 157 15 181 -773 128 757 -531 142 717 27 593 -4 -642 -981 -198 174 -191 627 892 938 463 519 
811 -584 408 821 713 -73 -224 -843 423 934 173 -840 -840 858 917 -371 -443 634 656 -851 -814 571 -832 -12 -256 -466 -829 -808 -529 634 269 840 -951 -324 660 319 161 
-565 477 -417 -632 -794 -257 -472 621 -340 -285 -823 851 -630 -674 594 499 -949 -419 -758 -415 -248 993 -386 943 261 -547 549 494 -888 -133 -346 -453 901 -206 -527 -894 538 
1 728 755 273 462 162 201 346 -245 -301 397 -107 -59 540 202 -510 -847 144 751 -394 -308 245 -725 116 456 -621 17 -750 -148 -320 345 411 965 -344 -317 427 818 

37 37
884 -228 -871 -418 726 22 81 265 -777 571 -25 -76 -121 138 616 681 413 -712 136 793 305 386 -799 986 -713 612 950 -57 -705 -67 -240 736 705 -111 -682 431 468 
-44 -748 248 -474 228 -829 -38 -635 344 -358 336 633 779 -315 -506 -279 -114 -964 -434 -502 544 509 -650 -524 -731 -915 739 -285 -597 -274 741 -84 -22 -12 0 763 160 
962 -872 -940 -396 21 250 940 706 745 -783 -409 781 -217 89 324 -708 439 801 -882 82 96 -610 42 822 -870 959 -201 119 -42 -438 836 -81 -753 896 80 -175 -297 
-424 -470 -553 -206 -322 -773 134 325 109 -17 -680 -534 -342 402 562 49 -556 383 -264 -598 739 412 360 858 247 836 662 -300 -84 -514 403 492 -427 407 843 252 191 
-23 -424 -701 517 -104 -235 -825 -702 884 -219 -258 -177 517 -299 -438 -71 -940 977 733 896 639 990 -632 682 -51 861 -745 -645 260 507 547 794 -918 846 311 -22 -832 
486 -167 609 824 132 -568 340 833 -449 826 893 -473 116 346 -835 105 714 405 -946 131 660 967 -609 166 513 -816 -195 -84 495 340 -359 -463 -827 -751 -640 305 -319 
258 -305 232 83 -413 760 -802 490 482 -139 204 -557 -528 892 -898 -562 -718 -175 952 -976 630 -576 76 -30 65 171 -300 314 531 562 996 -655 -744 -216 -14 -599 -900 
-259 891 140 602 -349 583 -927 -457 686 -488 -175 -490 -980 -594 698 -556 483 -333 509 -347 -76 -621 741 -515 -626 -914 -258 -284 72 -300 -184 813 -410 956 -28 242 539 
-398 342 -219 114 724 -152 -309 -870 -455 -308 613 212 758 823 -865 -863 120 -822 -489 206 -523 227 835 177 601 205 767 556 -824 -435 -349 -665 907 -11 450 631 838 
698 761 -618 -610 -70 152 -853 -691 287 -716 429 22 -647 -808 499 137 -974 -325 -263 -212 -558 851 -479 -436 -942 -143 -529 48 864 659 -558 561 419 -176 508 906 976 
213 -786 -180 54 200 842 407 392 341 -899 -24 -985 -605 764 -986 803 -715 -421 862 -301 -393 -534 -438 -735 -92 680 241 289 188 146 265 958 -83 -916 11 -884 926 
976 66 -177 -924 -959 -604 -972 805 -590 832 647 -454 250 -655 -290 273 -93 -25 738 -856 773 26 -111 -82 -710 -154 392 932 414 66 415 389 -869 -763 22 -828 -367 
51 977 -399 -118 181 147 689 526 415 -39 991 -611 -302 -866 -838 724 -420 -363 572 426 587 503 -161 -348 -83 786 -660 -288 -193 -488 345 858 -955 946 -704 226 -350 
542 -691 -936 -498 -701 -990 -243 991 730 -962 -430 925 167 553 68 -331 949 720 144 734 -941 856 -459 -872 -243 956 -827 -297 810 -43 -90 351 266 -469 411 565 -902 
725 555 386 320 682 -133 -514 234 935 -287 182 211 414 -527 270 269 -429 -45 -975 -917 128 -715 893 -916 -248 -199 350 -160 769 -529 -61 50 583 -676 -630 264 -252 
-587 -946 -318 126 -206 893 -461 267 -281 365 395 674 -52 478 -642 233 371 -1000 543 729 -93 -618 497 379 -122 -897 -482 -241 -527 340 507 -113 394 -812 570 745 -920 
667 11 -201 31 -595 -971 979 441 -612 -231 -632 -612 -689 -904 295 -750 150 -770 129 253 -251 888 727 -912 395 -830 39 140 740 -216 221 406 352 577 995 315 607 
973 -245 995 -702 123 940 -834 219 -209 -583 926 22 546 178 771 -10 -539 416 942 -812 -546 82 486 -205 860 -552 -853 436 -558 462 -401 973 774 -407 -730 -104 -911 
-563 672 -119 -146 154 903 957 889 230 -497 -650 -798 -555 -905 -787 527 581 9 -57 -971 -287 -622 -972 732 -22 -1000 505 128 829 958 218 -735 629 656 -324 -661 558 
-811 -773 -656 -308 -866 -454 -306 -770 -241 778 368 325 -280 -46 -963 -344 -17 769 634 -460 -170 -682 -632 -213 93 -810 973 -252 -577 -689 863 -831 -461 -794 -581 -327 -691 
113 -540 69 -552 829 951 168 -218 989 381 322 314 -429 863 -856 -110 788 -69 983 536 -96 -712 516 -228 -850 243 311 915 662 542 -777 -669 -999 292 -221 830 -200 
505 -831 -212 -115 491 -899 457 -90 803 904 -302 -266 443 791 195 731 -137 524 439 -895 -165 353 767 -624 576 656 -623 -575 -566 765 225 496 934 570 939 424 228 
395 -666 31 -145 -411 322 -703 937 -927 586 -201 597 24 -95 989 -624 -772 -636 509 884 -701 491 876 -937 -285 371 554 842 309 -23 70 -740 -132 658 115 14 -21 
413 -50 -391 -2 307 -795 579 -789 -806 955 997 -885 20 881 -586 -489 756 -966 -217 -317 588 -375 993 -878 695 810 -453 352 -75 562 888 895 -932 -504 -551 375 -299 
-973 586 -548 539 583 -432 -442 20 -461 -374 -225 -869 410 15 276 -966 7 -45 286 -626 503 -806 299 64 -919 -250 132 -866 199 -936 -608 -217 207 -155 -679 -211 -30 
-564 366 66 63 698 -246 -971 -287 -970 621 277 -15 -537 651 -956 -343 -494 108 -705 256 798 -571 -989 419 -179 -206 -375 666 -328 -28 -808 109 -663 259 729 -965 -988 
315 -252 600 -65 582 -858 398 233 -814 612 739 -148 907 -448 -351 -665 -437 -933 156 -85 -308 -621 587 664 -429 -748 559 387 538 594 -43 -148 899 -444 344 37 -302 
-702 -731 -115 467 566 737 373 -883 943 708 -763 567 -579 152 816 -200 -704 37 -72 -452 -405 873 644 746 -171 -948 201 -58 -46 -763 641 252 -936 -918 -724 630 376 
649 747 -125 -86 541 -559 335 -307 814 692 -11 -150 -824 94 2 -952 -263 -696 -566 -210 505 377 744 300 -426 -448 364 -344 -172 -450 -969 -966 854 -94 -52 394 -96 
840 -914 -283 88 -368 125 -179 727 -874 -130 -980 -569 304 -190 493 -320 -890 -208 254 -780 713 467 -395 -738 55 -361 -885 518 144 510 -579 -460 153 -304 628 786 821 
-551 69 947 -124 89 935 737 457 428 -583 124 777 228 344 490 -748 950 309 307 -855 425 -175 -153 -509 -197 387 201 499 -428 -457 -124 -422 612 -620 11 -299 -686 
-253 715 742 -279 -162 519 507 740 -435 759 246 874 65 391 -145 447 795 -97 -750 182 -896 306 311 -796 740 446 817 -881 -544 -926 -567 203 789 -825 482 -817 251 
-12 923 373 -254 168 -197 811 -884 216 -185 911 676 65 92 337 928 960 542 667 405 358 786 861 -11 -781 -379 -223 952 -898 -483 -241 90 -560 689 836 608 -509 
203 724 264 -983 635 -60 -361 -717 -724 -433 -757 818 791 205 -268 134 66 721 -90 244 -946 -582 346 -428 -266 -565 12 -578 828 -824 -530 30 901 735 -395 92 -769 
244 -68 -493 368 -268 883 159 938 -386 850 3 893 -241 -754 947 177 149 -482 911 584 530 890 -32 264 -641 998 164 651 -398 813 439 404 -256 947 -229 477 386 
487 -29 557 336 974 449 652 777 396 -615 -518 914 -705 -935 1 742 -410 -736 659 -856 -15 309 -696 -203 -695 708 98 -749 -965 -869 194 523 102 -250 -585 -368 -801 
625 966 595 -991 -553 65 863 -931 -935 604 -341 887 262 -196 -129 -872 108 225 -567 -628 881 -759 -593 569 -8 930 -329 742 903 -140 498 527 -174 92 536 -170 715 
